104
217
12603
173
9752
117
4137
11297
193
166
2319
84
1018
5113
53
58
3093
3744
153
6138
4617
31
4308
13752
17
6966
2893
11398
14886
304
8634
5660
3865
66
5892
8516
302
14581
10974
7935
2162
254
14467
149
251
10568
9925
4546
89
83
646
69
7692
4916
10469
7721
14425
15
4159
6161
7767
5417
109
264
8732
13545
2794
130
7555
7297
9106
244
1581
6651
91
11839
489
9576
79
10750
5909
38
12971
13785
898
7922
37
11056
529
8961
14948
2247
11630
124
3998
12415
3998
821
5601
14233
183
14988
5468
39
211
9517
11702
60
926
9326
9685
5656
11537
249
3944
7197
4197
11824
347
5636
361
13004
279
553
8173
13961
12128
9236
7863
112
9911
97
14814
6559
6696
1377
8678
6928
10257
700
870
14800
5717
9272
793
870
14203
7709
3065
7456
14375
8975
9808
5617
11801
5466
702
5466
176
8429
10221
6580
3078
11135
12141
1452
11869
13796
134
4953
2198
11435
11296
11778
5128
5867
877
881
10714
5128
2237
9311
14222
7537
87
10949
2341
4907
4782
4851
6172
2089
6172
14259
833
9860
3857
5681
13791
8942
463
11889
463
14970
13523
6773
8942
2260
14507
2285
7681
9856
5762
459
4462
2805
4462
5762
2805
4419
13548
11951
3860
2877
10531
9466
65
6558
7952
10256
2890
14463
13096
14243
12454
8028
68
12319
5456
1662
13575
255
8417
2171
956
13383
10484
11240
1972
4459
8139
12922
12407
11578
7036
9360
4021
7170
11908
126
12755
13618
14982
753
10762
2091
1882
1628
10595
1219
2052
12864
7075
2376
6985
3083
5035
4397
4986
99
2343
62
11155
71
10353
11407
10801
11228
14984
3858
4121
11516
13631
9201
9679
13850
10289
3165
3419
8088
11413
5437
7189
13744
12720
7729
8425
12989
10396
1549
14394
5545
13333
13817
9107
2739
4656
1473
11601
5566
8544
6756
9253
13946
3452
70
2005
12506
12315
1844
856
7418
2450
11666
7874
7498
14737
2194
8276
12868
10023
9543
14040
10686
5890
9831
11719
8043
8012
1528
13754
5890
14854
10224
6830
14730
2660
3559
2503
7019
13457
6006
6006
7607
4864
13977
12003
2781
6777
14504
13456
2883
3383
6883
9813
3800
13698
13810
13776
8208
10963
5300
14353
9124
2180
3396
13369
4483
9521
2564
122
9892
2161
9098
9683
14187
12240
7233
1694
14007
4384
2205
773
13964
8299
13267
1239
1417
10071
2441
13818
1937
2555
12619
10794
12833
5927
3151
12944
120
4234
10788
1903
1177
14234
14645
9158
12086
12832
6982
6981
2534
2681
129
10236
14308
10676
5608
3661
13589
14871
8219
7081
9357
1921
9676
7407
8862
7861
1649
9109
7184
14836
5518
6119
11489
9796
10377
2669
2896
7602
4697
11454
13472
10703
6740
3946
5823
9312
2459
8538
2603
12502
12774
14594
1630
2066
4267
11169
12498
8812
13932
94
6168
2330
3245
4022
13868
7349
14378
11159
6417
7475
10143
6417
10143
1841
7475
644
12457
13010
2563
231
4231
4987
11669
4679
14396
3411
14458
13042
236
12275
3516
9574
748
2061
5582
6481
12049
13747
14624
2691
4613
11942
2060
7057
2328
12958
8779
13460
11122
12124
1892
6421
13522
1512
13845
4371
6096
8618
14684
1887
3591
9549
7734
1172
14752
838
14087
5612
11280
1201
9555
3002
9611
6304
14180
13002
6513
8599
7419
6026
11575
6457
9298
5126
14759
11694
1629
10463
12059
2488
3448
98
9970
14901
10245
8552
10252
6268
8825
14140
6268
1711
965
8576
7724
12372
1755
5118
4607
2967
5558
3483
2228
13143
3943
10715
7994
12954
4040
9068
567
4045
7204
3104
5508
6823
3915
11762
3133
5363
6660
6505
874
7178
5388
8829
2142
4596
12229
9814
7096
4451
4465
4858
8122
4707
4623
9650
12083
13176
9179
12274
8456
13926
9561
7978
11412
5953
8629
13717
8487
10095
473
5514
10712
9187
7138
9702
8938
14123
3819
4023
8471
14009
7787
918
14230
13639
9027
7762
939
5079
10219
9778
4444
2711
11866
11459
13910
11876
4809
9331
5551
3423
8523
2063
9822
13262
3199
10302
9183
5813
160
6107
12818
6130
9510
9493
10083
8884
7143
3113
11699
818
2369
13240
8279
6853
10171
7700
12420
7118
12278
14909
5228
6086
672
8545
13669
9459
11548
6057
5851
177
5075
203
5712
14642
2715
11195
2916
14481
716
9234
9013
7095
9048
2046
11611
10811
13678
13667
10185
10852
8092
4484
11888
13162
10916
1442
13826
4398
2222
12876
774
7128
5958
14026
13051
12335
7991
12335
6990
7991
11883
10140
8517
4390
2651
11493
9062
14699
7757
1999
5686
6472
9407
5056
8754
6020
13890
11994
12006
13436
3929
7531
10355
6515
6065
12956
6232
5272
11556
4999
13834
9579
8305
7443
12099
5509
5237
2735
14557
10767
13078
9882
1100
14896
6291
7032
6073
10216
2249
4334
11632
12081
8595
10365
14282
4233
383
13501
1107
3650
13288
88
6556
13448
4034
3246
9319
10944
3876
6657
13992
13001
7064
7354
7064
13001
12004
931
13629
10212
11830
8965
3082
8896
4417
10190
7217
8468
4958
9514
1847
8568
9514
3673
1973
14064
6638
3509
14547
14569
2954
10539
10349
1045
1045
8362
11988
4327
5703
2959
3314
12947
12282
2731
10860
7213
13073
2519
11625
424
929
10438
11154
6110
9624
3293
6206
4252
159
8614
9658
14071
7086
14745
13908
14721
12170
722
3743
11093
3107
10255
6685
7550
14103
1546
8242
3676
4870
5730
6676
9725
8341
9755
3905
4662
4983
7388
10920
9250
12811
8806
14950
6792
1235
5428
3357
5802
6487
6738
2385
4510
12071
12738
526
8696
13245
11802
461
10277
2183
338
13927
10117
841
7881
12495
13972
12344
3709
10854
8262
2318
2848
10660
1286
873
14073
3830
8056
8422
1789
1077
188
3103
5861
6426
14480
11109
12827
8370
7331
13203
10933
13519
5469
12068
1333
11531
9045
12477
6940
11976
11046
11004
11070
13943
1225
9470
4289
4455
776
5993
1023
8448
8104
12809
11120
7699
9402
5701
2531
1443
10691
8555
10156
12830
8555
14917
7635
9424
8467
4628
12852
10559
11363
5764
13605
8331
3664
627
8958
2986
7342
13331
1428
9566
6452
10230
1082
4091
4088
14876
2428
3240
8611
1888
13049
6565
10966
14117
3872
9858
11306
12952
12060
9966
12620
752
10604
8322
14158
2923
3456
14513
9779
8458
7187
13542
1238
11368
4693
14992
14401
9477
2925
11124
12464
477
4654
1752
953
1164
8488
385
2627
4353
6677
664
9242
13233
4304
7001
945
4773
2988
12773
5792
6116
12043
5647
13552
9489
7447
10583
13503
11769
2390
7704
801
5569
2421
4942
13979
13191
2832
6052
6919
11564
10020
8041
547
2676
4992
13922
14632
4381
6623
10281
11580
3017
1530
8450
9301
4906
3806
8206
2123
5633
1640
10575
11594
2201
1804
10103
4841
5669
13370
6687
4079
8194
11204
13252
5002
4273
14134
8859
5763
9334
11687
13761
13287
14219
5312
8835
7939
13099
11372
1389
10479
4798
3147
13265
3986
7314
11708
6323
9314
1767
10696
8874
14641
10299
12102
2753
3275
1327
2897
4468
5145
12313
4517
3382
4223
5442
13263
10009
10871
14864
6306
158
6219
2327
1313
8106
11627
12591
12560
1658
5301
