0
1
2
3
4
5
6
7
8
9
10
11
12
13
14
16
18
19
20
21
22
23
24
25
26
27
28
29
30
32
33
34
35
36
40
41
42
43
44
45
46
47
48
49
50
51
52
54
55
56
57
59
61
63
64
67
72
73
74
75
76
77
78
80
81
82
85
86
90
92
93
95
96
101
102
105
107
110
111
113
114
115
116
118
119
121
123
127
128
131
133
137
138
139
142
144
145
146
147
150
151
152
155
157
162
163
164
165
167
169
170
178
179
180
184
185
187
191
195
196
199
201
205
207
208
209
210
218
219
221
222
224
230
237
241
243
246
247
252
253
256
257
260
261
263
266
267
268
269
272
274
275
277
282
292
293
295
298
307
308
310
311
314
320
321
326
332
335
337
340
345
348
349
351
353
355
356
362
364
370
374
379
381
384
386
396
399
415
416
419
427
433
441
447
450
466
469
474
483
487
491
492
497
510
512
515
517
518
525
527
528
533
535
536
540
542
550
564
566
572
575
581
583
599
603
607
612
614
625
628
636
639
650
656
668
673
687
694
705
707
710
719
720
731
733
735
739
746
757
759
765
772
778
779
783
789
790
792
794
796
802
803
807
809
814
815
816
823
830
839
848
851
872
882
889
890
891
915
917
927
932
943
959
962
970
977
978
979
980
983
987
1013
1020
1024
1025
1028
1033
1035
1037
1044
1050
1053
1055
1065
1067
1075
1076
1085
1088
1097
1101
1121
1129
1136
1146
1152
1163
1176
1181
1185
1188
1190
1194
1212
1233
1241
1249
1252
1267
1277
1280
1282
1283
1291
1292
1297
1300
1307
1314
1320
1321
1329
1346
1355
1361
1402
1411
1423
1427
1430
1434
1468
1477
1490
1491
1499
1517
1529
1535
1540
1541
1548
1569
1583
1595
1598
1603
1610
1611
1615
1616
1619
1634
1638
1672
1674
1682
1687
1693
1696
1701
1723
1737
1773
1774
1784
1796
1800
1821
1826
1853
1865
1891
1910
1917
1922
1935
1943
1950
1957
1960
1961
1977
1983
2013
2053
2084
2086
2112
2122
2127
2132
2136
2140
2147
2169
2181
2182
2191
2209
2242
2252
2255
2259
2278
2281
2283
2306
2316
2326
2344
2345
2363
2366
2388
2411
2413
2429
2434
2445
2458
2469
2483
2502
2505
2511
2513
2521
2548
2575
2581
2595
2604
2608
2612
2638
2662
2682
2685
2713
2750
2803
2821
2830
2841
2850
2858
2860
2882
2917
2966
2985
2996
3007
3026
3055
3070
3073
3081
3098
3125
3162
3167
3270
3273
3291
3310
3313
3321
3338
3404
3425
3436
3439
3459
3465
3579
3589
3604
3627
3635
3649
3672
3726
3793
3826
3842
3851
3869
3886
3890
3896
3909
3954
3968
4002
4006
4026
4041
4050
4056
4062
4067
4085
4126
4141
4186
4212
4268
4335
4382
4405
4505
4506
4533
4575
4616
4632
4636
4641
4659
4718
4721
4759
4764
4771
4788
4789
4804
4808
4849
4883
4890
4944
4956
4988
4990
5011
5032
5033
5048
5083
5084
5089
5203
5204
5212
5236
5245
5302
5303
5320
5321
5340
5361
5379
5412
5418
5439
5447
5463
5481
5499
5505
5597
5603
5643
5684
5709
5710
5743
5753
5761
5765
5779
5799
5817
5873
5874
5896
5942
5945
6010
6124
6191
6199
6205
6239
6264
6275
6312
6320
6337
6356
6359
6371
6410
6416
6427
6430
6466
6476
6479
6526
6594
6595
6603
6606
6620
6666
6667
6684
6693
6698
6726
6747
6882
6899
6903
6921
6936
7099
7102
7106
7108
7116
7174
7180
7201
7209
7239
7339
7377
7411
7548
7586
7601
7615
7666
7701
7711
7771
7804
7848
7860
7933
7937
7972
8127
8355
8382
8388
8410
8507
8569
8570
8588
8615
8630
8709
8714
8863
8868
8882
8923
9075
9123
9134
9167
9180
9192
9199
9206
9276
9343
9445
9498
9671
9773
9787
9926
10139
10308
10383
10480
10507
10557
10679
10684
10763
10789
10825
10829
10836
10905
10926
11012
11214
11298
11329
11478
11526
11572
11640
11730
11810
11925
11941
12031
12072
12150
12189
12210
12436
12500
12524
12535
12609
12649
12660
12895
12901
12977
12994
13189
13239
13294
13301
13336
13421
13484
13492
13493
13521
13588
13715
13805
13847
13980
13984
14001
14119
14197
14247
14350
14389
14468
14491
14574
14599
14676
14710
14735
14784
14797
14804
14980
14997
