19
157
129
18
930
7
45
149
1955
1670
589
735
31
1129
1498
1364
1366
119
1080
1140
1362
1031
207
706
421
160
1204
1087
659
452
424
748
379
349
463
661
877
357
569
1905
691
1408
669
116
660
1939
1003
475
1904
983
1904
1757
914
588
293
408
133
99
1194
148
344
9
646
347
787
798
580
2006
2881
1396
1617
433
998
1585
859
1594
1631
1593
1121
1872
359
536
689
837
483
267
671
1177
310
1479
535
456
57
604
681
380
786
1506
1646
389
1377
1386
982
1762
743
2050
1510
515
152
2391
1225
2014
2388
420
1084
628
1073
1400
1480
1327
1480
1389
845
1046
1389
1383
582
903
1576
1789
1439
449
1483
1049
1100
1148
1222
283
1525
1595
918
1595
918
147
778
1328
988
988
1634
528
1489
1113
1414
262
1734
2080
1934
1098
2047
653
317
1297
1788
1488
1238
1524
1218
1553
1504
1723
1230
1423
2069
1827
1658
2801
841
1902
1161
1890
1263
929
1232
1110
1232
1341
2734
1645
1477
1429
2308
2007
1322
1644
1639
1441
1502
1810
2406
1761
2227
1343
1219
2055
1273
1358
1552
1353
1908
1234
1660
2490
1970
2245
3530
1897
1203
1959
2025
1372
1282
2346
1825
1704
2390
4176
2091
1143
1749
1307
1302
1265
1791
1739
1878
1851
1938
1676
1147
1278
1651
1869
2094
2008
896
1630
1636
1567
1522
1814
4018
1881
1772
2773
1241
2010
1241
1095
1264
1596
1102
1252
1575
2840
365
1318
1329
1578
2518
1279
1903
1730
1419
879
1618
1178
1571
1301
1695
1313
1695
1487
2500
1696
1909
1417
1123
1376
1602
1656
1729
1270
2981
1461
1271
1859
1062
1641
2402
2665
1432
1475
2375
1013
1606
1637
1786
2143
1530
1460
1689
2367
1719
1116
2423
1623
1635
2859
2377
1701
2555
2648
1132
2452
2947
2216
812
2715
1207
1893
1549
1356
2692
1316
598
2386
1702
2501
2379
1605
2348
1748
1057
2465
3498
3498
2352
1750
3507
1974
1759
1117
2095
1715
2191
3612
3722
2638
3449
1941
3488
2589
1836
2541
2296
2714
1075
3392
2758
3299
2159
2254
1469
2473
1947
2282
2251
2601
2414
2117
2271
2162
2930
2563
385
2371
2871
3428
2531
2158
2279
2610
2876
2208
4124
2113
2267
2803
2411
2149
2345
3615
1907
3433
2636
2125
3664
4732
3494
2782
2184
3886
3053
2527
2898
3420
2846
2109
2767
3699
3626
3039
2635
2548
1540
2556
2324
2902
3679
3029
1444
4054
2190
2680
2236
3688
2265
2173
2865
4166
2791
2412
3371
4073
3846
3447
2246
3329
2621
3446
2790
2802
3227
3087
2609
3235
3804
2277
3904
3575
3410
2082
2829
3954
2854
3766
3499
2958
2269
3767
4262
3205
4134
2856
3310
3601
1653
2819
3037
1167
3958
3835
2396
3457
3616
3589
3424
3742
3500
3629
3809
2939
2550
2657
2546
2864
3885
3045
3745
3212
3692
3399
3025
3305
3261
3204
3279
3296
3054
3206
3785
3532
4451
3785
4835
3268
4253
3969
3189
3553
3503
3515
3547
3307
4628
4033
3148
3254
3063
4224
3596
3427
3417
3365
4751
5654
3514
4038
3915
4045
3715
3905
3686
3400
3327
4171
4039
3484
3796
3544
4103
3278
3026
4696
4353
2249
4558
3751
3360
3869
4002
3272
3859
4272
3339
2663
4138
4591
4795
3878
3723
3667
3647
4433
3975
5422
4492
4947
4241
4437
4970
3477
4324
5096
5009
4490
4729
4151
4304
4623
4385
4075
5092
5022
3497
4288
5541
4599
4427
4920
4470
4318
4031
5611
4900
4301
3359
4271
5795
6520
4260
3209
4613
4572
5515
5430
5528
4990
4608
4890
5673
6328
4808
5008
2203
3753
4794
4943
4340
4210
3810
6777
5589
4328
4453
4605
4381
5078
5056
4871
4639
4578
5385
4507
4400
5625
4804
5777
5436
5446
5671
4358
4025
5957
4998
4552
4533
5351
5188
5586
3277
4679
5965
5607
3801
5952
5521
5572
6718
4233
5815
4727
5111
4317
5070
4607
4760
4119
4091
5565
4907
5025
5151
5835
4484
5049
4020
3981
4334
3588
6365
4888
4405
4770
4838
5939
5692
4355
5012
4390
5691
5871
5360
6116
5476
3833
4721
5553
5773
5551
5900
4654
4207
4545
5370
5126
7029
5569
5354
6195
8093
5999
6238
4975
5970
5371
5643
4829
5533
5466
5532
5839
5420
5631
4984
5246
5503
5682
4905
6628
4497
5362
4475
5007
8087
6642
6282
6986
6717
7594
6861
7164
6669
8004
6853
6143
6948
6727
6506
6097
5529
8047
7494
8101
6597
6844
7058
7389
6633
6681
6264
6434
6960
6864
6613
7316
7066
6568
6102
6741
7095
7506
6452
5966
7900
6612
6082
7218
6536
7180
6495
7127
6379
7171
6794
6933
6200
7427
6856
6511
6423
6802
6859
6617
7400
7032
7505
7254
6913
6478
6440
6581
6280
6785
6836
6140
7747
6413
6860
7736
6541
6207
7930
6376
6425
6840
7273
5600
7103
7691
6148
7288
6212
6340
7916
6997
5933
7014
7617
6139
7564
6765
7955
7631
7469
7004
6483
6937
7909
6865
7677
6052
7894
6705
7715
7942
7820
6867
6559
7442
5615
6335
7444
6776
7086
7752
7211
7193
7959
7260
6394
7978
7246
7091
6779
7200
6780
6670
7050
7424
7859
6720
7818
7628
7961
7251
7721
7965
7965
7390
7640
7898
7500
8096
7889
7301
7342
7448
7836
7220
7979
7632
7740
7869
7354
8002
7953
8057
7363
7915
7358
6370
7956
7208
7300
7744
5133
7229
7737
7582
7008
7678
7550
6523
7769
7322
7264
7314
7788
7529
8015
7938
7972
7745
7407
7239
7725
6215
7535
7723
6360
7245
7217
7799
7410
8011
7588
7585
7398
7353
6460
7170
6050
7753
7540
8036
7416
8094
7541
7720
7587
7423
8009
7708
7443
7177
6395
7069
7552
8078
8019
6295
7426
7359
7867
7486
7111
7584
6191
7547
7968
7662
7840
7652
