0
1
2
3
4
5
6
8
10
11
12
13
14
15
16
17
20
21
22
23
24
25
27
28
29
30
32
33
35
37
38
40
41
42
44
46
48
49
50
51
53
55
56
59
64
65
67
68
69
70
72
73
74
75
76
77
79
80
81
82
83
84
85
88
89
91
92
93
95
96
98
100
101
102
103
104
106
107
108
109
110
112
115
117
118
120
121
122
124
125
127
130
131
132
134
135
138
140
143
145
146
150
151
154
155
158
163
164
165
168
172
174
180
182
183
184
187
190
191
193
195
199
200
203
204
206
209
211
212
214
220
222
223
228
230
238
239
240
244
249
250
252
260
264
266
269
270
274
275
276
277
278
281
285
288
297
300
304
305
308
309
311
312
316
318
319
321
324
328
329
335
336
339
348
350
354
356
358
360
361
362
363
366
367
370
378
381
384
386
387
394
395
399
404
411
412
413
416
419
426
428
432
434
436
444
445
446
447
453
455
458
461
464
469
472
478
482
485
487
489
491
493
496
497
506
507
522
526
530
531
533
534
539
541
543
551
552
557
562
563
571
579
583
585
591
600
602
603
606
611
612
616
630
632
633
634
636
641
644
649
656
658
667
668
680
697
701
704
705
711
717
718
723
730
731
736
749
756
757
761
764
766
769
774
777
789
807
831
832
840
849
853
855
856
885
887
888
890
891
901
902
905
908
917
919
920
921
924
925
926
931
932
935
937
939
941
944
946
948
952
954
957
958
960
962
963
964
965
966
967
969
970
971
972
974
979
986
987
991
994
995
999
1002
1006
1008
1011
1014
1020
1022
1024
1025
1029
1030
1032
1034
1035
1037
1042
1043
1044
1047
1048
1050
1052
1059
1060
1067
1068
1070
1076
1082
1083
1092
1096
1101
1105
1108
1115
1119
1120
1125
1126
1128
1131
1133
1139
1141
1142
1144
1146
1150
1158
1162
1163
1164
1170
1171
1190
1192
1208
1217
1221
1229
1231
1233
1235
1237
1243
1244
1246
1255
1262
1267
1269
1274
1275
1288
1289
1290
1291
1292
1294
1299
1300
1308
1309
1311
1315
1320
1325
1337
1344
1347
1349
1350
1357
1365
1370
1374
1385
1387
1390
1392
1393
1398
1403
1406
1412
1421
1430
1433
1438
1465
1473
1486
1491
1494
1503
1523
1526
1531
1533
1535
1539
1541
1542
1545
1547
1560
1563
1570
1573
1583
1584
1586
1589
1598
1600
1604
1619
1624
1632
1652
1664
1667
1677
1684
1688
1691
1700
1721
1738
1742
1746
1752
1753
1800
1803
1804
1805
1811
1816
1823
1826
1830
1833
1835
1842
1844
1846
1847
1848
1850
1852
1857
1861
1864
1866
1871
1874
1877
1884
1888
1896
1912
1916
1918
1919
1932
1944
1948
1972
1979
1984
1990
2013
2033
2039
2040
2054
2066
2070
2077
2083
2088
2090
2096
2106
2112
2119
2121
2123
2124
2128
2138
2141
2144
2145
2148
2150
2151
2153
2157
2163
2165
2166
2178
2179
2186
2202
2210
2224
2233
2234
2235
2238
2239
2241
2260
2264
2276
2278
2285
2286
2288
2306
2309
2312
2322
2347
2360
2368
2381
2385
2408
2415
2426
2430
2439
2443
2445
2454
2475
2482
2488
2491
2512
2522
2533
2536
2538
2539
2540
2549
2560
2566
2568
2569
2588
2594
2605
2613
2616
2627
2640
2643
2650
2659
2672
2679
2683
2697
2717
2719
2724
2725
2730
2733
2736
2749
2751
2760
2766
2769
2797
2841
2842
2884
2887
2892
2899
2901
2903
2920
2937
2944
2968
2993
2996
3001
3003
3004
3007
3008
3009
3011
3013
3016
3018
3019
3021
3022
3024
3032
3034
3035
3040
3041
3042
3051
3052
3057
3059
3060
3061
3062
3064
3073
3075
3083
3084
3088
3093
3095
3097
3098
3101
3103
3109
3110
3111
3119
3120
3125
3127
3138
3140
3145
3147
3151
3152
3161
3162
3166
3168
3173
3179
3187
3190
3193
3200
3201
3211
3226
3230
3232
3236
3243
3245
3253
3258
3269
3274
3275
3276
3280
3282
3290
3295
3298
3304
3309
3318
3322
3323
3338
3341
3358
3362
3373
3379
3387
3389
3390
3393
3396
3405
3408
3425
3432
3436
3437
3463
3465
3490
3496
3504
3505
3511
3513
3522
3524
3533
3543
3556
3559
3564
3565
3567
3572
3597
3604
3607
3608
3614
3635
3644
3652
3654
3658
3697
3701
3713
3718
3726
3734
3741
3750
3758
3783
3787
3790
3808
3815
3845
3880
3890
3895
3901
3902
3906
3908
3909
3911
3912
3913
3919
3921
3926
3927
3929
3930
3931
3932
3933
3934
3937
3940
3941
3944
3946
3947
3949
3951
3955
3956
3957
3959
3960
3963
3966
3967
3968
3970
3974
3978
3980
3982
3983
3984
3985
3987
3990
3993
3995
3996
3997
3999
4001
4011
4013
4014
4015
4016
4021
4022
4023
4024
4027
4028
4029
4035
4036
4037
4043
4044
4048
4053
4055
4056
4060
4063
4066
4067
4069
4070
4071
4072
4076
4078
4079
4083
4084
4085
4088
4094
4097
4100
4101
4104
4106
4108
4110
4116
4118
4120
4123
4125
4128
4129
4131
4133
4135
4137
4139
4143
4145
4146
4147
4152
4153
4162
4164
4165
4168
4170
4174
4175
4177
4180
4184
4189
4192
4193
4194
4196
4198
4200
4203
4205
4206
4212
4214
4216
4217
4218
4221
4229
4231
4232
4234
4235
4239
4240
4242
4243
4245
4246
4247
4251
4252
4255
4257
4258
4259
4263
4265
4273
4275
4276
4277
4280
4283
4285
4286
4289
4291
4292
4294
4297
4308
4309
4313
4314
4315
4316
4319
4320
4325
4326
4327
4329
4331
4333
4336
4347
4349
4357
4359
4364
4365
4366
4369
4372
4374
4378
4380
4389
4392
4393
4394
4395
4396
4397
4406
4408
4411
4412
4413
4415
4416
4419
4438
4440
4442
4446
4454
4457
4459
4460
4461
4462
4464
4469
4476
4477
4487
4491
4494
4496
4498
4499
4508
4511
4519
4522
4523
4535
4536
4540
4544
4548
4549
4551
4557
4559
4565
4568
4571
4579
4593
4594
4595
4602
4611
4629
4631
4637
4641
4645
4648
4650
4651
4655
4660
4661
4662
4673
4686
4692
4699
4700
4701
4704
4706
4708
4709
4717
4731
4733
4748
4749
4764
4771
4776
4777
4783
4800
4801
4802
4806
4812
4814
4820
4821
4823
4824
4826
4827
4828
4831
4834
4836
4839
4840
4841
4843
4844
4845
4846
4849
4850
4854
4858
4859
4860
4863
4865
4869
4879
4882
4884
4889
4893
4902
4904
4908
4911
4914
4918
4921
4924
4926
4930
4931
4934
4952
4958
4963
4964
4965
4967
4968
4972
4977
4996
5001
5002
5010
5016
5020
5023
5028
5041
5042
5044
5045
5046
5052
5058
5063
5064
5065
5071
5073
5081
5085
5087
5093
5097
5101
5103
5107
5109
5114
5115
5117
5118
5119
5120
5121
5123
5124
5125
5127
5128
5129
5130
5131
5132
5134
5135
5136
5137
5138
5140
5141
5142
5144
5146
5147
5148
5150
5152
5153
5154
5156
5157
5158
5159
5162
5163
5166
5168
5169
5171
5175
5177
5178
5180
5181
5184
5191
5196
5201
5213
5215
5217
5220
5223
5224
5225
5228
5233
5236
5237
5238
5241
5244
5248
5250
5254
5255
5256
5258
5259
5260
5262
5263
5272
5273
5275
5276
5278
5282
5285
5286
5287
5289
5290
5291
5294
5296
5298
5299
5300
5302
5308
5311
5318
5329
5331
5332
5335
5336
5338
5339
5340
5342
5345
5347
5348
5350
5355
5357
5361
5364
5368
5372
5373
5376
5384
5386
5391
5394
5397
5398
5401
5403
5405
5406
5407
5409
5418
5421
5432
5434
5435
5444
5449
5450
5451
5453
5456
5458
5467
5468
5470
5477
5482
5490
5493
5500
5502
5512
5520
5523
5524
5526
5534
5537
5539
5543
5547
5550
5566
5568
5571
5574
5577
5578
5584
5587
5593
5597
5598
5599
5608
5610
5617
5618
5620
5622
5626
5630
5633
5635
5637
5647
5649
5657
5659
5660
5662
5664
5666
5674
5687
5693
5705
5707
5711
5716
5737
5738
5740
5750
5761
5772
5785
5786
5788
5799
5800
5842
5849
5851
5867
5893
5895
5903
5923
5927
5934
5935
5938
5949
5955
5958
5978
5980
5993
6000
6001
6002
6003
6004
6005
6006
6007
6008
6009
6010
6011
6012
6014
6015
6016
6020
6021
6022
6023
6027
6030
6031
6033
6034
6036
6038
6039
6040
6042
6046
6047
6048
6049
6051
6054
6056
6057
6059
6060
6061
6067
6068
6071
6073
6077
6080
6083
6085
6090
6091
6093
6094
6096
6099
6104
6112
6118
6119
6120
6121
6131
6134
6142
6147
6149
6155
6158
6159
6164
6165
6167
6168
6176
6185
6194
6197
6203
6214
6221
6223
6224
6245
6250
6251
6261
6262
6275
6279
6291
6299
6301
6306
6330
6331
6366
6367
6373
6375
6381
6396
6401
6403
6406
6415
6424
6449
6468
6509
6517
6558
6560
6576
6582
6599
6629
6635
6660
6663
6666
6668
6686
6691
6703
6726
6742
6744
6749
6752
6762
6774
6801
6818
6827
6841
6843
6849
6855
6878
6884
6886
6900
6901
6905
6906
6909
6910
6911
6912
6914
6921
6926
6927
6928
6932
6938
6941
6952
6955
6967
6970
6975
6982
6984
6990
6991
6992
6994
6998
6999
7003
7005
7006
7011
7016
7025
7026
7036
7037
7038
7041
7046
7051
7065
7068
7073
7079
7089
7100
7116
7119
7120
7123
7128
7130
7133
7153
7167
7176
7183
7194
7195
7202
7205
7207
7210
7221
7226
7233
7235
7236
7244
7271
7276
7278
7290
7295
7299
7306
7309
7310
7315
7325
7337
7361
7372
7382
7384
7388
7397
7404
7411
7413
7422
7431
7434
7440
7449
7455
7457
7498
7522
7532
7533
7537
7543
7560
7573
7581
7586
7613
7634
7657
7670
7674
7686
7704
7724
7734
7754
7765
7792
7795
7809
7810
7811
7825
7845
7874
7881
7882
7895
7904
7910
7960
7987
7994
8008
8026
8028
8029
8074
8100
8121
19
157
129
18
930
7
45
149
1955
1670
589
735
31
1129
1498
1364
1366
119
1080
1140
1362
1031
207
706
421
160
1204
1087
659
452
424
748
379
349
463
661
877
357
569
1905
691
1408
669
116
660
1939
1003
475
1904
983
1904
1757
914
588
293
408
133
99
1194
148
344
9
646
347
787
798
580
2006
2881
1396
1617
433
998
1585
859
1594
1631
1593
1121
1872
359
536
689
837
483
267
671
1177
310
1479
535
456
57
604
681
380
786
1506
1646
389
1377
1386
982
1762
743
2050
1510
515
152
2391
1225
2014
2388
420
1084
628
1073
1400
1480
1327
1480
1389
845
1046
1389
1383
582
903
1576
1789
1439
449
1483
1049
1100
1148
1222
283
1525
1595
918
1595
918
147
778
1328
988
988
1634
528
1489
1113
1414
262
1734
2080
1934
1098
2047
653
317
1297
1788
1488
1238
1524
1218
1553
1504
1723
1230
1423
2069
1827
1658
2801
841
1902
1161
1890
1263
929
1232
1110
1232
1341
2734
1645
1477
1429
2308
2007
1322
1644
1639
1441
1502
1810
2406
1761
2227
1343
1219
2055
1273
1358
1552
1353
1908
1234
1660
2490
1970
2245
3530
1897
1203
1959
2025
1372
1282
2346
1825
1704
2390
4176
2091
1143
1749
1307
1302
1265
1791
1739
1878
1851
1938
1676
1147
1278
1651
1869
2094
2008
896
1630
1636
1567
1522
1814
4018
1881
1772
2773
1241
2010
1241
1095
1264
1596
1102
1252
1575
2840
365
1318
1329
1578
2518
1279
1903
1730
1419
879
1618
1178
1571
1301
1695
1313
1695
1487
2500
1696
1909
1417
1123
1376
1602
1656
1729
1270
2981
1461
1271
1859
1062
1641
2402
2665
1432
1475
2375
1013
1606
1637
1786
2143
1530
1460
1689
2367
1719
1116
2423
1623
1635
2859
2377
1701
2555
2648
1132
2452
2947
2216
812
2715
1207
1893
1549
1356
2692
1316
598
2386
1702
2501
2379
1605
2348
1748
1057
2465
3498
3498
2352
1750
3507
1974
1759
1117
2095
1715
2191
3612
3722
2638
3449
1941
3488
2589
1836
2541
2296
2714
1075
3392
2758
3299
2159
2254
1469
2473
1947
2282
2251
2601
2414
2117
2271
2162
2930
2563
385
2371
2871
3428
2531
2158
2279
2610
2876
2208
4124
2113
2267
2803
2411
2149
2345
3615
1907
3433
2636
2125
3664
4732
3494
2782
2184
3886
3053
2527
2898
3420
2846
2109
2767
3699
3626
3039
2635
2548
1540
2556
2324
2902
3679
3029
1444
4054
2190
2680
2236
3688
2265
2173
2865
4166
2791
2412
3371
4073
3846
3447
2246
3329
2621
3446
2790
2802
3227
3087
2609
3235
3804
2277
3904
3575
3410
2082
2829
3954
2854
3766
3499
2958
2269
3767
4262
3205
4134
2856
3310
3601
1653
2819
3037
1167
3958
3835
2396
3457
3616
3589
3424
3742
3500
3629
3809
2939
2550
2657
2546
2864
3885
3045
3745
3212
3692
3399
3025
3305
3261
3204
3279
3296
3054
3206
3785
3532
4451
3785
4835
3268
4253
3969
3189
3553
3503
3515
3547
3307
4628
4033
3148
3254
3063
4224
3596
3427
3417
3365
4751
5654
3514
4038
3915
4045
3715
3905
3686
3400
3327
4171
4039
3484
3796
3544
4103
3278
3026
4696
4353
2249
4558
3751
3360
3869
4002
3272
3859
4272
3339
2663
4138
4591
4795
3878
3723
3667
3647
4433
3975
5422
4492
4947
4241
4437
4970
3477
4324
5096
5009
4490
4729
4151
4304
4623
4385
4075
5092
5022
3497
4288
5541
4599
4427
4920
4470
4318
4031
5611
4900
4301
3359
4271
5795
6520
4260
3209
4613
4572
5515
5430
5528
4990
4608
4890
5673
6328
4808
5008
2203
3753
4794
4943
4340
4210
3810
6777
5589
4328
4453
4605
4381
5078
5056
4871
4639
4578
5385
4507
4400
5625
4804
5777
5436
5446
5671
4358
4025
5957
4998
4552
4533
5351
5188
5586
3277
4679
5965
5607
3801
5952
5521
5572
6718
4233
5815
4727
5111
4317
5070
4607
4760
4119
4091
5565
4907
5025
5151
5835
4484
5049
4020
3981
4334
3588
6365
4888
4405
4770
4838
5939
5692
4355
5012
4390
5691
5871
5360
6116
5476
3833
4721
5553
5773
5551
5900
4654
4207
4545
5370
5126
7029
5569
5354
6195
8093
5999
6238
4975
5970
5371
5643
4829
5533
5466
5532
5839
5420
5631
4984
5246
5503
5682
4905
6628
4497
5362
4475
5007
8087
6642
6282
6986
6717
7594
6861
7164
6669
8004
6853
6143
6948
6727
6506
6097
5529
8047
7494
8101
6597
6844
7058
7389
6633
6681
6264
6434
6960
6864
6613
7316
7066
6568
6102
6741
7095
7506
6452
5966
7900
6612
6082
7218
6536
7180
6495
7127
6379
7171
6794
6933
6200
7427
6856
6511
6423
6802
6859
6617
7400
7032
7505
7254
6913
6478
6440
6581
6280
6785
6836
6140
7747
6413
6860
7736
6541
6207
7930
6376
6425
6840
7273
5600
7103
7691
6148
7288
6212
6340
7916
6997
5933
7014
7617
6139
7564
6765
7955
7631
7469
7004
6483
6937
7909
6865
7677
6052
7894
6705
7715
7942
7820
6867
6559
7442
5615
6335
7444
6776
7086
7752
7211
7193
7959
7260
6394
7978
7246
7091
6779
7200
6780
6670
7050
7424
7859
6720
7818
7628
7961
7251
7721
7965
7965
7390
7640
7898
7500
8096
7889
7301
7342
7448
7836
7220
7979
7632
7740
7869
7354
8002
7953
8057
7363
7915
7358
6370
7956
7208
7300
7744
5133
7229
7737
7582
7008
7678
7550
6523
7769
7322
7264
7314
7788
7529
8015
7938
7972
7745
7407
7239
7725
6215
7535
7723
6360
7245
7217
7799
7410
8011
7588
7585
7398
7353
6460
7170
6050
7753
7540
8036
7416
8094
7541
7720
7587
7423
8009
7708
7443
7177
6395
7069
7552
8078
8019
6295
7426
7359
7867
7486
7111
7584
6191
7547
7968
7662
7840
7652
