19
886
255
114
1247
7
1183
679
299
734
296
86
31
1129
1498
1498
1366
928
1580
1138
1362
1140
505
495
848
747
452
1629
1087
550
454
320
927
379
1173
242
283
128
492
1280
913
1680
1205
838
576
169
2479
813
524
1904
983
1649
1904
1156
1026
254
1815
133
408
628
910
179
34
646
105
575
1154
407
1566
391
2881
1396
1206
433
779
956
859
1410
1121
1345
1593
1631
801
1155
217
837
547
559
509
483
1479
535
229
173
604
460
402
90
349
949
1646
389
1377
1386
1741
1762
401
1510
1776
2050
470
1348
1225
2014
2400
899
139
383
1073
1057
1480
1327
1601
1384
1389
845
1046
2023
1075
978
1439
1576
903
2928
1281
1049
1100
1148
1049
595
894
2078
1595
918
945
918
760
147
989
1328
988
988
786
868
1113
1414
689
906
2080
1934
2080
2047
785
273
1297
1788
1488
1788
1886
1218
1553
1935
973
2085
1756
2071
1943
2801
1658
1827
841
1157
1054
1890
1263
800
1232
1110
1341
1232
2977
1645
1477
1429
2195
1339
2016
1322
2007
1639
1404
2271
2921
1761
2227
2409
1219
2055
1273
1552
1353
1234
1353
1118
1829
1213
1970
1440
2597
1720
1686
2009
2025
2346
1282
1372
1702
2118
2583
3645
2091
1143
1302
1521
1749
1265
1791
2495
1316
1938
1851
1676
1147
1391
1869
1278
1329
2008
1550
511
1530
2129
1814
1567
1522
1879
9
1834
1881
1772
1895
1241
2010
1770
1241
1843
2434
2779
1913
1252
1575
2376
624
771
2817
1107
1279
1359
1903
1730
1419
790
638
1178
1571
1301
1695
1695
1696
1909
1352
2500
1760
1509
1376
1602
1656
1492
2120
1461
1271
2093
1939
2073
2912
1640
2289
1783
1257
1342
2031
1381
1204
2222
1768
2171
1260
2367
1719
2252
2423
2046
2377
1701
2999
2100
1577
1994
1950
2110
2690
733
2246
1739
1245
2387
1356
2644
1878
1242
1483
1911
1771
1460
1748
1400
2465
3498
2465
3498
1668
2042
2608
1974
968
950
1897
2813
2603
2139
2315
2776
2553
3528
2876
3892
2287
2748
1966
3385
2851
2857
2845
693
3540
2989
2401
2180
2444
914
2065
3076
2915
1958
4134
4424
2414
2721
1669
1517
2217
2720
1727
2808
748
2763
1703
3789
2204
3114
2631
2389
2853
3866
2673
2701
2228
3896
2214
942
2710
4156
2468
3514
2545
2477
3317
3297
2877
1920
2784
2470
3375
3263
2498
2473
2964
2894
2823
3371
2703
2635
2641
2229
1432
1817
2707
1960
2676
3469
3207
2089
3428
2384
3774
2048
3688
2632
2117
1368
3208
1470
2299
3935
4187
3186
3091
2880
2307
2567
3191
2122
3242
2614
3159
2746
2990
3804
2261
4702
3464
2935
2854
2667
2114
4894
2620
3472
3221
2427
2282
2848
4262
3835
2279
2856
3916
2320
2579
3037
1017
3079
3633
2984
3165
3181
3589
3752
3742
3868
3509
3809
1947
2546
2819
3651
3745
3012
3898
3781
3025
3423
3303
3476
3702
3296
2985
4444
3785
3532
3178
3732
3531
3632
3794
3466
3335
3642
3753
3331
3757
3355
3359
3673
3687
2404
3170
3803
3156
3113
3822
3627
4209
3239
4182
3824
4765
4031
3237
5012
3402
3590
4300
3706
3357
3547
3260
3833
3834
3508
3778
3943
3525
3499
4625
3720
3273
4558
3058
3881
3657
3557
3427
3784
3865
5049
3399
3518
3972
4334
4970
3053
3953
3723
3087
3889
4190
4058
4299
4248
4989
4626
5632
4226
3477
3130
4324
4244
4439
4233
4607
3965
4760
4623
4677
5518
4543
5174
4006
4288
5396
4539
4798
4667
4853
5057
3444
4122
5844
3792
4711
4621
4903
4809
3209
4448
4207
5515
4647
5528
4531
4929
4786
6018
5529
4808
5187
2878
3918
3351
4794
4643
4340
5967
3492
6326
3452
5471
4328
5006
4515
4348
5008
4940
5034
5098
4363
5029
5640
4803
4774
4528
3594
4962
5777
5436
5668
4518
4210
4298
4545
4465
4533
5188
5351
3894
4633
5532
5952
4241
5603
4975
5465
4026
4490
5507
4905
5419
4689
5070
4729
4343
4256
4409
4401
5009
4687
5371
4690
5835
4553
4974
3703
4591
3799
7078
4888
4237
4703
5068
5939
5863
5199
4390
5604
5871
6786
6111
5056
3796
5024
5773
5553
5551
5755
4654
5414
5616
5126
4947
5192
5280
5891
5634
4933
5721
4546
6540
5870
4663
5151
5022
5770
5557
4467
5623
5179
5370
5497
5316
6778
5819
4945
4871
5176
5714
5111
6305
6631
7326
5590
8081
6736
6444
6481
6032
6295
7557
7731
5771
6265
6712
6583
6328
8047
6493
8101
6651
7493
7302
6433
8093
6422
6692
8054
6960
7190
6137
7272
6589
6398
6688
6114
6323
6400
7052
6287
6765
7748
7018
6766
6336
6934
7722
7379
6217
8122
6492
7675
6987
7595
6696
6278
6721
7764
6802
6177
6103
7975
7541
6798
8020
6913
7152
7661
6616
6516
7291
6438
7185
6141
7344
7736
6974
7175
7395
7199
7104
6389
7067
6246
7464
7860
6467
7024
7341
7735
7847
6530
5354
7637
8009
6875
7777
6529
7208
7907
7635
7870
6571
6937
7609
7247
7654
6917
7314
6514
6584
7143
6622
7342
6242
6590
7511
6808
6483
7098
5208
7086
7743
7009
6888
6949
7463
6394
7666
7246
7265
5581
7576
7693
6824
7008
7821
7516
7321
7818
7628
6069
7523
7721
7965
7602
7063
8109
7103
7481
7900
7092
7744
6851
7335
7474
7813
7671
7665
8002
7255
6674
7354
7632
8057
7118
7437
7358
6471
8103
7993
8095
8099
6898
7229
7737
7798
7991
7678
7610
6151
7769
7322
7097
7391
7490
7329
8015
7938
7763
7745
7510
7311
6215
7712
7848
7200
7378
6877
7228
7687
7843
7398
7353
7796
7349
7915
7179
7626
7776
7840
7916
7468
7032
7772
7645
7869
6634
8024
7913
6706
7022
7631
7287
7544
7238
8111
7622
7319
6709
7426
7514
7513
7136
7091
7976
4722
8072
7177
8112
8068
