0
1
2
3
4
5
6
8
10
11
12
13
14
15
16
17
20
21
22
23
24
25
27
28
29
30
32
33
35
37
38
40
41
42
44
46
48
49
50
51
53
55
56
59
64
65
67
68
69
70
72
73
74
75
76
77
79
80
81
82
83
84
85
88
89
91
92
93
95
96
98
100
101
102
103
104
106
107
108
109
110
112
115
117
118
120
121
122
124
125
127
130
131
132
134
135
138
140
143
145
146
150
151
154
155
158
163
164
165
168
172
174
180
182
183
184
187
190
191
193
195
199
200
203
204
206
209
211
212
214
220
222
223
228
230
238
239
240
244
249
250
252
260
264
266
269
270
274
275
276
277
278
281
285
288
297
300
304
305
308
309
311
312
316
318
319
321
324
328
329
335
336
339
348
350
354
356
358
360
361
362
363
366
367
370
378
381
384
386
387
394
395
399
404
411
412
413
416
419
426
428
432
434
436
444
445
446
447
453
455
458
461
464
469
472
478
482
485
487
489
491
493
496
497
506
507
522
526
530
531
533
534
539
541
543
551
552
557
562
563
571
579
583
585
591
600
602
603
606
611
612
616
630
632
633
634
636
641
644
649
656
658
667
668
680
697
701
704
705
711
717
718
723
730
731
736
749
756
757
761
764
766
769
774
777
789
807
831
832
840
849
853
855
856
885
887
888
890
891
901
902
905
908
917
919
920
921
924
925
926
931
932
935
937
939
941
944
946
948
952
954
957
958
960
962
963
964
965
966
967
969
970
971
972
974
979
986
987
991
994
995
999
1002
1006
1008
1011
1014
1020
1022
1024
1025
1029
1030
1032
1034
1035
1037
1042
1043
1044
1047
1048
1050
1052
1059
1060
1067
1068
1070
1076
1082
1083
1092
1096
1101
1105
1108
1115
1119
1120
1125
1126
1128
1131
1133
1139
1141
1142
1144
1146
1150
1158
1162
1163
1164
1170
1171
1190
1192
1208
1217
1221
1229
1231
1233
1235
1237
1243
1244
1246
1255
1262
1267
1269
1274
1275
1288
1289
1290
1291
1292
1294
1299
1300
1308
1309
1311
1315
1320
1325
1337
1344
1347
1349
1350
1357
1365
1370
1374
1385
1387
1390
1392
1393
1398
1403
1406
1412
1421
1430
1433
1438
1465
1473
1486
1491
1494
1503
1523
1526
1531
1533
1535
1539
1541
1542
1545
1547
1560
1563
1570
1573
1583
1584
1586
1589
1598
1600
1604
1619
1624
1632
1652
1664
1667
1677
1684
1688
1691
1700
1721
1738
1742
1746
1752
1753
1800
1803
1804
1805
1811
1816
1823
1826
1830
1833
1835
1842
1844
1846
1847
1848
1850
1852
1857
1861
1864
1866
1871
1874
1877
1884
1888
1896
1912
1916
1918
1919
1932
1944
1948
1972
1979
1984
1990
2013
2033
2039
2040
2054
2066
2070
2077
2083
2088
2090
2096
2106
2112
2119
2121
2123
2124
2128
2138
2141
2144
2145
2148
2150
2151
2153
2157
2163
2165
2166
2178
2179
2186
2202
2210
2224
2233
2234
2235
2238
2239
2241
2260
2264
2276
2278
2285
2286
2288
2306
2309
2312
2322
2347
2360
2368
2381
2385
2408
2415
2426
2430
2439
2443
2445
2454
2475
2482
2488
2491
2512
2522
2533
2536
2538
2539
2540
2549
2560
2566
2568
2569
2588
2594
2605
2613
2616
2627
2640
2643
2650
2659
2672
2679
2683
2697
2717
2719
2724
2725
2730
2733
2736
2749
2751
2760
2766
2769
2797
2841
2842
2884
2887
2892
2899
2901
2903
2920
2937
2944
2968
2993
2996
3001
3003
3004
3007
3008
3009
3011
3013
3016
3018
3019
3021
3022
3024
3032
3034
3035
3040
3041
3042
3051
3052
3057
3059
3060
3061
3062
3064
3073
3075
3083
3084
3088
3093
3095
3097
3098
3101
3103
3109
3110
3111
3119
3120
3125
3127
3138
3140
3145
3147
3151
3152
3161
3162
3166
3168
3173
3179
3187
3190
3193
3200
3201
3211
3226
3230
3232
3236
3243
3245
3253
3258
3269
3274
3275
3276
3280
3282
3290
3295
3298
3304
3309
3318
3322
3323
3338
3341
3358
3362
3373
3379
3387
3389
3390
3393
3396
3405
3408
3425
3432
3436
3437
3463
3465
3490
3496
3504
3505
3511
3513
3522
3524
3533
3543
3556
3559
3564
3565
3567
3572
3597
3604
3607
3608
3614
3635
3644
3652
3654
3658
3697
3701
3713
3718
3726
3734
3741
3750
3758
3783
3787
3790
3808
3815
3845
3880
3890
3895
3901
3902
3906
3908
3909
3911
3912
3913
3919
3921
3926
3927
3929
3930
3931
3932
3933
3934
3937
3940
3941
3944
3946
3947
3949
3951
3955
3956
3957
3959
3960
3963
3966
3967
3968
3970
3974
3978
3980
3982
3983
3984
3985
3987
3990
3993
3995
3996
3997
3999
4001
4011
4013
4014
4015
4016
4021
4022
4023
4024
4027
4028
4029
4035
4036
4037
4043
4044
4048
4053
4055
4056
4060
4063
4066
4067
4069
4070
4071
4072
4076
4078
4079
4083
4084
4085
4088
4094
4097
4100
4101
4104
4106
4108
4110
4116
4118
4120
4123
4125
4128
4129
4131
4133
4135
4137
4139
4143
4145
4146
4147
4152
4153
4162
4164
4165
4168
4170
4174
4175
4177
4180
4184
4189
4192
4193
4194
4196
4198
4200
4203
4205
4206
4212
4214
4216
4217
4218
4221
4229
4231
4232
4234
4235
4239
4240
4242
4243
4245
4246
4247
4251
4252
4255
4257
4258
4259
4263
4265
4273
4275
4276
4277
4280
4283
4285
4286
4289
4291
4292
4294
4297
4308
4309
4313
4314
4315
4316
4319
4320
4325
4326
4327
4329
4331
4333
4336
4347
4349
4357
4359
4364
4365
4366
4369
4372
4374
4378
4380
4389
4392
4393
4394
4395
4396
4397
4406
4408
4411
4412
4413
4415
4416
4419
4438
4440
4442
4446
4454
4457
4459
4460
4461
4462
4464
4469
4476
4477
4487
4491
4494
4496
4498
4499
4508
4511
4519
4522
4523
4535
4536
4540
4544
4548
4549
4551
4557
4559
4565
4568
4571
4579
4593
4594
4595
4602
4611
4629
4631
4637
4641
4645
4648
4650
4651
4655
4660
4661
4662
4673
4686
4692
4699
4700
4701
4704
4706
4708
4709
4717
4731
4733
4748
4749
4764
4771
4776
4777
4783
4800
4801
4802
4806
4812
4814
4820
4821
4823
4824
4826
4827
4828
4831
4834
4836
4839
4840
4841
4843
4844
4845
4846
4849
4850
4854
4858
4859
4860
4863
4865
4869
4879
4882
4884
4889
4893
4902
4904
4908
4911
4914
4918
4921
4924
4926
4930
4931
4934
4952
4958
4963
4964
4965
4967
4968
4972
4977
4996
5001
5002
5010
5016
5020
5023
5028
5041
5042
5044
5045
5046
5052
5058
5063
5064
5065
5071
5073
5081
5085
5087
5093
5097
5101
5103
5107
5109
5114
5115
5117
5118
5119
5120
5121
5123
5124
5125
5127
5128
5129
5130
5131
5132
5134
5135
5136
5137
5138
5140
5141
5142
5144
5146
5147
5148
5150
5152
5153
5154
5156
5157
5158
5159
5162
5163
5166
5168
5169
5171
5175
5177
5178
5180
5181
5184
5191
5196
5201
5213
5215
5217
5220
5223
5224
5225
5228
5233
5236
5237
5238
5241
5244
5248
5250
5254
5255
5256
5258
5259
5260
5262
5263
5272
5273
5275
5276
5278
5282
5285
5286
5287
5289
5290
5291
5294
5296
5298
5299
5300
5302
5308
5311
5318
5329
5331
5332
5335
5336
5338
5339
5340
5342
5345
5347
5348
5350
5355
5357
5361
5364
5368
5372
5373
5376
5384
5386
5391
5394
5397
5398
5401
5403
5405
5406
5407
5409
5418
5421
5432
5434
5435
5444
5449
5450
5451
5453
5456
5458
5467
5468
5470
5477
5482
5490
5493
5500
5502
5512
5520
5523
5524
5526
5534
5537
5539
5543
5547
5550
5566
5568
5571
5574
5577
5578
5584
5587
5593
5597
5598
5599
5608
5610
5617
5618
5620
5622
5626
5630
5633
5635
5637
5647
5649
5657
5659
5660
5662
5664
5666
5674
5687
5693
5705
5707
5711
5716
5737
5738
5740
5750
5761
5772
5785
5786
5788
5799
5800
5842
5849
5851
5867
5893
5895
5903
5923
5927
5934
5935
5938
5949
5955
5958
5978
5980
5993
6000
6001
6002
6003
6004
6005
6006
6007
6008
6009
6010
6011
6012
6014
6015
6016
6020
6021
6022
6023
6027
6030
6031
6033
6034
6036
6038
6039
6040
6042
6046
6047
6048
6049
6051
6054
6056
6057
6059
6060
6061
6067
6068
6071
6073
6077
6080
6083
6085
6090
6091
6093
6094
6096
6099
6104
6112
6118
6119
6120
6121
6131
6134
6142
6147
6149
6155
6158
6159
6164
6165
6167
6168
6176
6185
6194
6197
6203
6214
6221
6223
6224
6245
6250
6251
6261
6262
6275
6279
6291
6299
6301
6306
6330
6331
6366
6367
6373
6375
6381
6396
6401
6403
6406
6415
6424
6449
6468
6509
6517
6558
6560
6576
6582
6599
6629
6635
6660
6663
6666
6668
6686
6691
6703
6726
6742
6744
6749
6752
6762
6774
6801
6818
6827
6841
6843
6849
6855
6878
6884
6886
6900
6901
6905
6906
6909
6910
6911
6912
6914
6921
6926
6927
6928
6932
6938
6941
6952
6955
6967
6970
6975
6982
6984
6990
6991
6992
6994
6998
6999
7003
7005
7006
7011
7016
7025
7026
7036
7037
7038
7041
7046
7051
7065
7068
7073
7079
7089
7100
7116
7119
7120
7123
7128
7130
7133
7153
7167
7176
7183
7194
7195
7202
7205
7207
7210
7221
7226
7233
7235
7236
7244
7271
7276
7278
7290
7295
7299
7306
7309
7310
7315
7325
7337
7361
7372
7382
7384
7388
7397
7404
7411
7413
7422
7431
7434
7440
7449
7455
7457
7498
7522
7532
7533
7537
7543
7560
7573
7581
7586
7613
7634
7657
7670
7674
7686
7704
7724
7734
7754
7765
7792
7795
7809
7810
7811
7825
7845
7874
7881
7882
7895
7904
7910
7960
7987
7994
8008
8026
8028
8029
8074
8100
8121
19
886
255
114
1247
7
1183
679
299
734
296
86
31
1129
1498
1498
1366
928
1580
1138
1362
1140
505
495
848
747
452
1629
1087
550
454
320
927
379
1173
242
283
128
492
1280
913
1680
1205
838
576
169
2479
813
524
1904
983
1649
1904
1156
1026
254
1815
133
408
628
910
179
34
646
105
575
1154
407
1566
391
2881
1396
1206
433
779
956
859
1410
1121
1345
1593
1631
801
1155
217
837
547
559
509
483
1479
535
229
173
604
460
402
90
349
949
1646
389
1377
1386
1741
1762
401
1510
1776
2050
470
1348
1225
2014
2400
899
139
383
1073
1057
1480
1327
1601
1384
1389
845
1046
2023
1075
978
1439
1576
903
2928
1281
1049
1100
1148
1049
595
894
2078
1595
918
945
918
760
147
989
1328
988
988
786
868
1113
1414
689
906
2080
1934
2080
2047
785
273
1297
1788
1488
1788
1886
1218
1553
1935
973
2085
1756
2071
1943
2801
1658
1827
841
1157
1054
1890
1263
800
1232
1110
1341
1232
2977
1645
1477
1429
2195
1339
2016
1322
2007
1639
1404
2271
2921
1761
2227
2409
1219
2055
1273
1552
1353
1234
1353
1118
1829
1213
1970
1440
2597
1720
1686
2009
2025
2346
1282
1372
1702
2118
2583
3645
2091
1143
1302
1521
1749
1265
1791
2495
1316
1938
1851
1676
1147
1391
1869
1278
1329
2008
1550
511
1530
2129
1814
1567
1522
1879
9
1834
1881
1772
1895
1241
2010
1770
1241
1843
2434
2779
1913
1252
1575
2376
624
771
2817
1107
1279
1359
1903
1730
1419
790
638
1178
1571
1301
1695
1695
1696
1909
1352
2500
1760
1509
1376
1602
1656
1492
2120
1461
1271
2093
1939
2073
2912
1640
2289
1783
1257
1342
2031
1381
1204
2222
1768
2171
1260
2367
1719
2252
2423
2046
2377
1701
2999
2100
1577
1994
1950
2110
2690
733
2246
1739
1245
2387
1356
2644
1878
1242
1483
1911
1771
1460
1748
1400
2465
3498
2465
3498
1668
2042
2608
1974
968
950
1897
2813
2603
2139
2315
2776
2553
3528
2876
3892
2287
2748
1966
3385
2851
2857
2845
693
3540
2989
2401
2180
2444
914
2065
3076
2915
1958
4134
4424
2414
2721
1669
1517
2217
2720
1727
2808
748
2763
1703
3789
2204
3114
2631
2389
2853
3866
2673
2701
2228
3896
2214
942
2710
4156
2468
3514
2545
2477
3317
3297
2877
1920
2784
2470
3375
3263
2498
2473
2964
2894
2823
3371
2703
2635
2641
2229
1432
1817
2707
1960
2676
3469
3207
2089
3428
2384
3774
2048
3688
2632
2117
1368
3208
1470
2299
3935
4187
3186
3091
2880
2307
2567
3191
2122
3242
2614
3159
2746
2990
3804
2261
4702
3464
2935
2854
2667
2114
4894
2620
3472
3221
2427
2282
2848
4262
3835
2279
2856
3916
2320
2579
3037
1017
3079
3633
2984
3165
3181
3589
3752
3742
3868
3509
3809
1947
2546
2819
3651
3745
3012
3898
3781
3025
3423
3303
3476
3702
3296
2985
4444
3785
3532
3178
3732
3531
3632
3794
3466
3335
3642
3753
3331
3757
3355
3359
3673
3687
2404
3170
3803
3156
3113
3822
3627
4209
3239
4182
3824
4765
4031
3237
5012
3402
3590
4300
3706
3357
3547
3260
3833
3834
3508
3778
3943
3525
3499
4625
3720
3273
4558
3058
3881
3657
3557
3427
3784
3865
5049
3399
3518
3972
4334
4970
3053
3953
3723
3087
3889
4190
4058
4299
4248
4989
4626
5632
4226
3477
3130
4324
4244
4439
4233
4607
3965
4760
4623
4677
5518
4543
5174
4006
4288
5396
4539
4798
4667
4853
5057
3444
4122
5844
3792
4711
4621
4903
4809
3209
4448
4207
5515
4647
5528
4531
4929
4786
6018
5529
4808
5187
2878
3918
3351
4794
4643
4340
5967
3492
6326
3452
5471
4328
5006
4515
4348
5008
4940
5034
5098
4363
5029
5640
4803
4774
4528
3594
4962
5777
5436
5668
4518
4210
4298
4545
4465
4533
5188
5351
3894
4633
5532
5952
4241
5603
4975
5465
4026
4490
5507
4905
5419
4689
5070
4729
4343
4256
4409
4401
5009
4687
5371
4690
5835
4553
4974
3703
4591
3799
7078
4888
4237
4703
5068
5939
5863
5199
4390
5604
5871
6786
6111
5056
3796
5024
5773
5553
5551
5755
4654
5414
5616
5126
4947
5192
5280
5891
5634
4933
5721
4546
6540
5870
4663
5151
5022
5770
5557
4467
5623
5179
5370
5497
5316
6778
5819
4945
4871
5176
5714
5111
6305
6631
7326
5590
8081
6736
6444
6481
6032
6295
7557
7731
5771
6265
6712
6583
6328
8047
6493
8101
6651
7493
7302
6433
8093
6422
6692
8054
6960
7190
6137
7272
6589
6398
6688
6114
6323
6400
7052
6287
6765
7748
7018
6766
6336
6934
7722
7379
6217
8122
6492
7675
6987
7595
6696
6278
6721
7764
6802
6177
6103
7975
7541
6798
8020
6913
7152
7661
6616
6516
7291
6438
7185
6141
7344
7736
6974
7175
7395
7199
7104
6389
7067
6246
7464
7860
6467
7024
7341
7735
7847
6530
5354
7637
8009
6875
7777
6529
7208
7907
7635
7870
6571
6937
7609
7247
7654
6917
7314
6514
6584
7143
6622
7342
6242
6590
7511
6808
6483
7098
5208
7086
7743
7009
6888
6949
7463
6394
7666
7246
7265
5581
7576
7693
6824
7008
7821
7516
7321
7818
7628
6069
7523
7721
7965
7602
7063
8109
7103
7481
7900
7092
7744
6851
7335
7474
7813
7671
7665
8002
7255
6674
7354
7632
8057
7118
7437
7358
6471
8103
7993
8095
8099
6898
7229
7737
7798
7991
7678
7610
6151
7769
7322
7097
7391
7490
7329
8015
7938
7763
7745
7510
7311
6215
7712
7848
7200
7378
6877
7228
7687
7843
7398
7353
7796
7349
7915
7179
7626
7776
7840
7916
7468
7032
7772
7645
7869
6634
8024
7913
6706
7022
7631
7287
7544
7238
8111
7622
7319
6709
7426
7514
7513
7136
7091
7976
4722
8072
7177
8112
8068
