814
1773
848
315
2038
1281
94
1892
519
679
709
2092
1670
334
762
734
504
683
690
86
18
345
1366
953
513
1580
1138
1080
505
427
495
728
1099
1551
1637
47
524
454
385
181
1174
781
719
440
9
492
167
696
635
1873
1617
1905
254
868
830
740
659
619
981
99
227
863
430
462
287
628
383
1055
344
179
760
331
570
1058
221
185
732
391
2881
1396
621
448
956
1585
654
1132
794
1577
251
1631
1345
1593
1872
839
770
359
861
792
733
1537
1822
1177
265
767
310
341
604
194
528
949
916
7
382
864
410
1023
1377
1386
1762
1708
1264
1480
1327
1384
1480
938
693
1149
1153
1422
1508
1148
1785
320
904
869
778
883
989
1328
1556
1634
1713
393
1375
1614
1566
1453
1113
1414
1297
1238
1488
1230
2011
1389
1423
1756
1277
2801
1943
1902
765
1516
1157
2080
1934
1591
1922
1890
1263
2207
2298
2248
1295
1734
1215
1332
3623
2503
3076
2409
1110
1358
1697
1248
1234
1908
1353
1304
2490
2127
2492
2265
2245
1261
1019
2027
1942
1302
1749
1521
456
1636
1272
1478
2596
2915
2934
2478
2391
2779
2541
2140
2137
1834
2376
2003
52
2192
1620
914
1487
2500
1909
2336
1758
1123
2909
1461
2093
1859
1939
2036
1062
1111
1843
2883
1768
2931
1968
2777
2654
2648
2100
2714
1381
1678
1606
1647
1898
1240
1405
1613
1739
1063
1356
2042
1594
1511
1305
1316
1507
968
1427
1609
1685
1159
1897
2828
2813
3406
2813
1960
1641
2160
3612
4417
3220
2315
2870
3238
2216
2815
2706
2172
2970
2546
1517
1502
1257
1971
2819
330
2556
3674
2279
3566
1925
2356
3273
2249
2876
2673
3356
3763
2836
3196
2935
3241
3431
3628
2557
2824
2463
3474
2846
2612
2334
3029
3702
3517
3271
3641
4054
4089
3428
2117
2462
3398
3788
1808
3446
3806
3975
3068
3089
2990
3235
3292
4199
3441
2203
2184
3526
3443
4262
3270
3197
3105
3049
2392
3310
3680
3079
4702
3337
3904
4583
4098
3209
3500
3589
2624
2992
2146
3781
3339
3352
4872
3364
3025
3928
3124
3182
3865
3826
3651
3828
3036
3581
4136
3091
3239
4390
4182
4422
3365
3327
3627
3174
4171
3262
3852
3403
3693
3485
3711
3557
3618
3324
4002
1402
2814
2663
4190
4433
4409
3950
4360
4886
4042
4483
4020
4974
3707
3994
3359
4271
4160
4998
5528
4899
5515
4990
4929
4613
4448
4960
4822
4340
4266
5440
5682
5006
5018
4264
5078
4343
4909
5083
4225
5187
4398
4720
4427
5857
5034
5476
4497
5037
4829
5696
5242
6661
5967
4885
5011
5414
4545
5366
4880
5542
4944
4467
4513
3801
4793
4995
5952
5572
5915
5986
4601
4604
4399
5007
5516
5173
5111
4750
4760
4256
4115
4401
4591
4746
4763
4516
3028
3580
3799
2450
5883
5743
5176
4948
5541
5026
5396
5692
5316
5503
5741
4355
5860
6978
5606
5758
5854
5844
5024
4580
4721
5274
6228
5227
5780
5090
4710
4723
5051
4966
7864
7218
6868
7338
6954
6259
6211
7206
6684
6177
7707
8022
7126
6716
7125
5483
6523
6640
6072
6088
7242
7250
7350
6303
6883
6348
6075
6166
7880
7511
6393
6925
7085
7643
7743
7358
7311
7019
7211
7559
7671
7220
7260
7645
7932
7087
7728
6708
8047
7594
6631
7092
7744
7659
8063
7872
7255
7740
7357
7868
7824
8002
7685
7797
7280
6434
7135
8110
8057
7813
7956
8103
7469
8095
7714
7938
8030
7445
7761
8015
7749
6530
6215
7746
7540
7682
7626
6730
6618
6128
6748
6632
7136
7439
7909
7383
7862
7291
8033
