30132
46682
71864
19473
65406
50498
12531
78520
28706
52681
35576
15631
28803
48060
19024
3743
38915
45522
54671
1104
54646
42090
21502
2675
15841
63014
43798
58615
12811
43414
1806
24911
8407
26742
78469
5811
25106
19113
65350
3659
31993
42415
68252
33518
7951
35771
53976
28156
48859
72930
61808
53181
18269
22085
75848
35958
65960
54236
51352
5199
47035
42320
25257
14470
66661
50599
59776
69363
55796
48110
25820
26952
28587
65587
4599
69730
24905
65545
51744
28315
27293
45068
12267
43229
49574
59002
66878
24286
10494
30933
77618
1529
70456
76903
46137
2991
54212
43743
78641
37342
69233
16271
19193
29831
68044
53670
78137
27057
76830
4642
26773
23710
74854
57910
77850
72450
35488
39724
9535
59251
20854
64415
45501
46693
64945
46263
35206
4983
50423
2072
72673
54243
59920
62674
33765
25065
23598
65867
72566
18220
60397
48658
78694
51479
71062
70982
49317
71896
10092
66055
73932
18539
56118
58288
68620
51408
42403
52310
66769
61613
12634
66262
30832
76382
64057
42334
57133
61896
16955
46063
37865
55769
58672
43010
30115
65051
28370
32935
6993
56077
73285
59959
3803
4360
73884
34294
73096
52394
4980
57877
58115
76848
53324
21658
868
2856
37853
13199
25988
1343
55782
70736
143
42671
18261
52938
47574
68372
54284
9932
61765
53039
63847
71727
32832
33361
58785
62119
68379
16513
52187
3580
65312
15186
24339
42794
76843
29089
47355
57050
53341
28874
4598
51557
2098
65507
55337
23039
30295
71197
61545
1968
4516
73260
61384
23230
42298
45308
78043
72298
55257
9850
73977
50616
14099
19386
67498
23574
50855
28775
18185
76113
74063
40044
31903
47135
3407
50212
55484
9641
46706
13151
33772
64125
11117
50113
3401
3390
71780
76368
77479
24959
4286
17650
76342
67880
57845
50178
37659
36006
17300
76037
27531
62330
28834
72898
76118
32409
8433
42431
70942
31233
27182
21449
27911
3014
61348
10329
51844
35122
20758
4261
42808
62460
55031
6761
13530
76478
71944
24881
30763
33478
71209
11882
36162
66221
69502
46766
58665
48249
9468
34440
74663
36844
10627
1892
18967
61946
76605
6931
47384
6394
45396
75802
13429
17755
40075
34164
63411
63477
37311
2337
13203
62088
11724
53716
5615
73702
27447
49359
74496
75373
56889
42845
18292
58281
14904
10688
52760
52449
2409
15424
25122
19017
56947
63902
69326
65932
46235
48967
1257
52977
73368
24689
34734
67051
40747
8161
15000
52333
13505
22569
54675
7383
35314
59408
78775
29939
3852
975
68695
56310
11319
67742
38896
38431
38719
24644
78785
70216
10179
52775
3666
38975
43324
54429
48314
1150
29864
60636
12291
26293
40870
40380
43472
73503
62137
15341
20969
36708
10764
12883
757
76258
2915
726
37750
60526
15400
37667
28707
70226
33042
77622
36551
4059
65694
44724
57964
76664
21680
44740
72262
51961
35683
73585
34168
19244
17112
42137
36794
57191
28872
67522
57253
45683
44967
48013
53679
24024
38366
4797
78813
9002
56506
75479
35376
41337
62667
67564
75020
1317
11354
20773
569
65376
34743
58952
35427
74733
62834
2550
47006
42239
63423
2256
17480
49899
20304
77264
57821
40703
69267
22458
78008
9136
15768
17323
36649
46491
57107
428
23683
26689
6424
10917
46841
60581
53078
46841
17361
64569
40031
59764
6632
38705
60113
966
65454
33447
73826
76065
15661
69195
45261
65622
61355
53369
1195
37256
54980
71477
17860
26354
61089
34350
7441
71671
46185
3066
6184
41509
31831
76554
56726
50801
1314
4244
67685
56649
78570
17524
37698
14839
21042
36389
59225
58695
68562
3740
27415
4933
35707
66132
58337
73886
17201
53794
54092
53633
18017
33976
40976
67995
15447
19468
48986
21484
71645
57723
64370
19783
58384
51727
66278
48161
28534
71575
75058
55990
61121
66232
4213
24307
63318
20475
54204
52067
32374
55729
7392
15417
70645
75203
15001
66098
71697
19972
61856
20779
10678
736
4389
75125
54870
68310
27377
22161
27782
43234
20929
54485
34600
8772
54451
8740
7578
20692
65318
68414
51962
20675
57166
29486
1011
70833
5161
72523
12824
71249
56429
31806
49336
28067
11398
7231
71681
40260
66922
69141
21737
38223
40168
9888
9048
854
19643
60808
22725
32766
21013
1227
27716
36702
42815
4696
75296
26557
68616
64722
31517
60005
10745
65653
3732
13425
73179
59205
26202
37927
44905
4974
57139
64750
61493
64401
2305
46896
25683
71619
45324
62210
44222
43560
23491
49447
15048
46845
26393
34298
9202
24261
21466
19108
43921
70629
45736
57888
42240
3003
60982
2962
68058
13859
39517
41339
74544
22689
57637
52604
22062
14850
51067
63989
48308
61223
45092
36874
57240
65612
47457
30580
1887
27934
22427
76092
13270
26792
60517
69278
29580
75059
64771
30288
70971
30290
65394
1572
8067
23288
42014
60905
34849
62846
15075
184
5385
56173
43248
52271
57762
7629
62081
28654
19419
10180
23950
62078
28052
34290
60239
66558
47646
3711
56930
52196
24624
68007
78272
24470
47110
71607
71258
35071
71183
71177
45835
11260
14599
75307
12817
72026
43786
22697
63036
59383
60865
51815
24075
53917
43868
31245
16717
74687
15300
38813
32265
33945
2935
58132
29488
5961
57532
5439
7508
71054
10622
35730
39807
54723
51679
37013
42171
78146
39400
11273
73721
4847
17962
56209
14533
57054
35369
78686
22778
72345
6617
59911
74397
25880
78409
6149
36108
55564
19370
32657
58025
3885
69463
35928
23613
56482
28088
75201
71971
11539
33451
48872
44874
50240
28420
45401
24354
72962
2283
38796
64403
78322
73354
72672
25991
52308
74343
49877
4251
75819
29845
1592
23805
23816
58912
14680
63289
51069
31749
70812
13103
27774
65699
54992
10328
77457
24004
29593
62052
66752
70428
70730
47302
10556
62740
13822
64670
20562
15988
30977
21319
46409
28149
19784
70556
26967
23876
60914
49287
5983
5668
65921
75822
18107
54086
40332
23259
47290
9627
77782
33422
43596
29442
7281
45608
2758
41399
69406
40581
45668
34103
14644
71303
55065
8981
62479
6261
41454
29238
8621
73621
50323
16637
28211
61211
11565
64866
64889
37726
48386
68069
2691
47568
46022
11710
29376
38521
56992
15950
71204
11833
77887
63765
9594
4139
12434
47033
43121
37338
24571
5839
30650
32398
31318
20498
31178
14895
36730
64634
51333
46133
42459
66643
16170
45295
55499
20605
63669
77059
50232
45019
37130
30638
26043
31167
49318
64662
19545
75872
14473
44334
14730
5170
66197
62245
73006
44728
20574
57447
31247
13337
13197
78659
35310
18319
10728
39309
66252
20920
11197
77870
72100
67618
29423
38566
73711
28415
28168
53150
60002
3107
32230
14989
77854
54486
62011
8104
57712
33476
4985
52343
41065
29123
37296
72715
66522
64041
11814
18415
28239
66460
24596
59282
40463
65548
53486
35428
72896
50865
23640
68210
76965
46036
26227
11364
44522
31468
47640
18913
52630
54562
60638
78512
52536
44793
70337
53479
40356
33160
77713
69806
77543
21842
75002
1048
5579
75376
1882
77120
4483
72939
20279
25262
12260
70386
64603
17023
8155
60874
22425
729
18684
15103
41427
77497
32224
40589
57598
46118
9643
36328
8444
34681
9249
23127
42221
33607
21672
56490
47086
39861
61570
35317
30130
39787
64735
9490
32857
50265
22142
69837
16701
58127
42093
28098
47710
23041
21891
65155
70020
6369
4820
56233
30372
18086
9745
17595
8540
33150
57471
43905
65263
64032
71744
30758
10959
26679
33233
42951
58158
36379
28749
12149
58758
14406
43483
45942
52032
66415
4258
40513
32325
61221
62580
57334
19708
10262
58101
23902
44620
39616
6642
65349
23755
33124
33865
39858
71949
70552
17106
37383
70309
73929
44248
19415
3498
29957
52266
34508
49634
52834
73989
22001
44933
75873
4697
60130
18047
75873
2956
22481
71670
61666
40322
37633
41059
10002
59897
33108
16683
2441
76926
10534
61931
333
9839
29007
7866
32584
63682
53321
21173
28719
57882
47953
7056
26398
3082
43611
19418
35708
63087
55838
66524
64793
48719
36890
20669
54627
35261
5276
29035
33579
16506
72569
48166
78397
42860
43932
33411
23138
60700
58935
2137
30193
61244
31037
37452
68649
27044
51921
68835
40233
6824
24787
40909
18113
41042
78005
31614
77337
42165
27553
74624
15032
11240
49473
69082
68337
45436
63023
30378
19007
41457
7566
42878
30015
70274
45281
55328
19189
923
53742
43134
53564
6880
27615
75080
1376
69534
1261
39123
35870
26907
15164
32543
66931
31465
46711
1319
24568
2316
23125
50707
3140
76409
59624
54710
67990
52069
74580
24721
18280
43200
57171
32142
76706
249
363
12535
1920
8937
47649
32553
40121
11779
74950
41889
49837
18918
50850
53180
59658
418
20733
47367
5759
30041
50879
67895
20626
63802
6692
12637
14970
13503
23435
23788
76103
21239
14310
27991
39192
37314
66971
39519
49062
68123
25021
42927
57193
58617
45593
67286
23448
61595
2044
56046
66624
48608
60467
5992
57326
19126
69615
29924
68651
43152
9263
52968
51388
47182
14642
45926
58825
13358
63759
36518
26662
5297
32054
66113
24586
25695
7029
60841
21988
15368
30994
37065
39732
56308
67896
34273
57518
18085
23484
31466
6477
15711
74681
74386
58098
63817
8052
39321
72170
63554
71696
71262
23751
35598
16929
18881
64456
10721
9086
42038
65400
25066
40469
75762
27721
39334
22903
49907
62757
15467
4783
62710
5660
71640
15547
18762
31860
58715
70069
8627
8135
10521
1703
20119
26800
7624
68541
3523
73497
70802
12084
50650
38773
15371
41027
10311
22000
63476
62904
15509
32774
43365
44702
26216
10729
44476
47107
58455
59635
69378
6144
34102
13250
39157
21167
35631
43189
13639
20999
8329
7177
7076
41285
64430
14731
67217
17313
26286
20607
50327
38992
78379
67303
42689
37119
18413
71184
35388
7493
67600
77046
20152
60325
58153
20133
38689
25469
50340
4031
43482
22214
33298
40299
53407
19125
4230
4280
21050
55882
32850
19466
60599
71129
58913
3827
67754
7826
16134
40352
39528
14108
21715
34482
18655
15555
43523
52840
35826
29022
70900
68298
4929
32161
34411
71694
8431
10855
25727
8838
8640
16933
57236
52433
29109
34013
21720
53507
9778
67123
17690
35103
28538
43074
48948
53249
66755
32112
62641
37868
8613
38802
56907
45272
23643
33209
64727
9759
9060
5623
78057
16598
3865
25934
23085
17632
51534
48527
73867
51534
45554
69898
29321
49993
30764
16382
14560
13834
76548
7217
26296
35946
38511
45403
47236
54368
22593
8217
75526
37403
61662
13666
53805
33817
77467
26180
61269
18808
62537
39013
78726
74938
7750
42079
36463
18630
19188
10755
68336
35347
62365
4331
32110
64150
71080
8928
61790
7344
71080
6972
40234
60351
19538
43348
4287
47021
4846
4708
78522
8877
50070
68059
23819
63804
5219
41477
9881
17987
77758
2602
32599
29118
39083
40906
77813
51434
74633
10503
21642
41551
4834
29537
14601
43621
8428
4481
13288
20255
19642
48285
54338
56678
21847
52169
49230
50087
18951
22681
72865
40673
60715
3563
45743
59666
11604
5429
69996
20221
39699
73282
22279
28845
63051
67922
32484
10290
24442
67259
32893
4571
13381
36488
13797
76556
53199
71947
63159
3505
46539
53851
64804
54859
13787
43964
72791
137
30105
16258
12585
8178
55455
6102
70184
75968
47325
75189
13576
12457
63648
16744
77163
32302
54310
60780
15608
69455
72511
7884
65462
53516
70979
23909
17261
71675
78559
71563
55693
55397
19907
22784
23176
61066
51197
40798
37972
64833
57827
26342
53600
64850
39241
61495
76856
9270
60952
27986
55450
39975
69751
31338
47886
43647
19657
56326
24021
17879
69026
77310
13485
22780
63069
22957
40528
50145
27218
51576
20122
1880
24944
28663
60836
74321
65426
31716
50643
35504
55441
1043
9133
13517
76099
69468
9519
70972
73979
15883
30824
44254
33833
47271
32911
67787
29065
11295
43480
24704
43818
74387
21856
42465
61518
44781
39058
23942
15904
2699
51940
22389
30353
21608
50714
57948
51690
5900
12273
61942
60022
68674
6956
6049
7246
15797
78059
15432
51342
68207
19581
48642
38987
50117
20851
49176
7981
30339
61870
77628
44373
31604
53810
3522
56758
20799
27854
41610
36581
46188
30481
59693
75295
41991
56431
59308
64763
70002
35721
14511
53532
38885
78382
17869
8281
47565
26551
44907
21361
24275
58513
51626
13796
30514
16545
56340
51214
30544
72545
41445
1622
5748
4558
39071
38067
44968
42820
72206
47026
65361
31083
76638
50614
51522
36474
36474
16217
65651
78108
21335
28689
21032
62415
39053
28458
40375
31462
65133
15226
18835
70745
17925
28424
48938
46031
75207
75207
24121
78245
10663
62756
60779
8723
33751
14052
70011
67174
2652
76503
65358
16747
14130
67637
52199
17509
5260
16512
65980
49918
3853
24848
10267
72143
33850
61357
10066
17118
63718
26873
68423
10255
35128
19544
30745
8244
12367
48619
7640
29764
35637
46924
8482
6416
16179
31774
12555
56247
29323
59520
32692
26505
55984
70985
51773
59382
74832
68886
51046
44701
18226
25447
30944
19586
63220
27819
4154
46829
54695
49124
48512
32695
11177
78242
41691
50263
61777
65151
24646
53790
27048
7633
72985
49937
69290
49750
32717
35992
53311
27456
52517
51387
71280
25872
20154
72002
29368
13676
16762
24244
46791
22421
42330
32194
14307
23215
52800
49261
36349
18338
67111
33162
28285
45837
33274
34722
52250
60846
73075
23891
37791
57528
58135
61961
63742
11192
74943
32887
42457
54031
63851
68985
32148
23783
78752
36629
30013
70435
38939
63613
59291
68511
30941
39405
41847
56033
33272
48772
71260
57570
10285
31400
42307
78283
53604
76235
37798
3115
64303
67226
16913
9532
76508
77600
53735
71225
23976
31843
34283
45764
64817
4685
66598
24804
2429
20822
29665
61044
48141
19903
53928
22375
15030
51014
17008
15077
54769
23557
7284
67256
69041
76111
76989
22230
22961
23972
14345
62223
47521
58741
70791
15160
69337
30836
20175
34706
21925
74785
39940
72875
47474
45778
36150
75945
53524
9689
44051
31045
72127
20660
29159
33522
14942
29072
63507
7448
23461
1878
37302
30738
32105
52481
75609
17136
49822
10049
9461
18199
38363
69356
58159
62156
64991
40296
2754
5791
42956
55338
51783
45231
65902
40426
9509
44650
45948
28092
7943
60606
35812
3335
58991
43727
27289
42658
8171
17452
35591
63189
56520
16629
71968
47515
63925
29008
58819
59223
20745
61855
20431
57823
71999
62476
19758
74202
61631
63356
58667
39604
61103
75898
49038
14242
47438
38809
49852
12246
13715
73380
23519
75445
65482
71467
62297
53196
20386
24875
47605
58743
11881
68193
10642
38392
12133
53274
29516
15287
60053
29516
37544
7247
62153
15948
45213
66984
32845
47712
22716
68905
57544
12319
69687
63192
35243
67443
5573
69125
49103
41992
26261
70574
3608
34314
8708
65974
71757
22755
26365
49358
69343
30621
34166
65940
44803
10989
20963
44267
59440
43889
37022
48900
10205
44950
65388
28206
75719
12483
49893
77100
42277
33672
63465
36044
47122
77721
24708
18101
16580
45570
2024
43765
23485
8360
77824
6590
48706
70023
64003
67270
60202
24978
13237
32876
60707
55736
23932
59264
21898
47277
23252
32098
65938
29395
63034
43721
64640
54218
70213
59511
46590
12528
19329
35783
14941
14254
70103
31697
38724
76287
42727
56231
47867
33868
12719
19587
47492
62010
737
7241
51221
27234
36780
58096
65423
34963
24482
60782
23428
9369
61462
14068
56295
43558
66997
46534
10408
46353
17448
43220
68245
42246
27605
4058
37696
76464
11296
17132
60673
28616
50375
72605
19501
42352
19339
70076
55126
13547
16720
8679
33211
30496
60856
26937
6226
60686
48671
23897
56539
51444
26220
46146
74183
55229
57212
5365
75331
27672
35702
35566
68648
66799
10260
34428
28325
63830
54342
77663
68783
67768
64737
52382
47907
43421
24206
57481
59907
15675
3127
70527
36455
77418
16474
3679
26273
1483
14750
47824
75854
29632
75427
71567
62429
62946
9853
19749
60884
45209
5350
50158
10500
28889
47498
69930
70400
6947
52518
19852
5473
1733
78676
44119
24415
75082
55067
29108
48914
2615
53503
6436
15321
32478
63717
57179
36950
38454
48505
64048
51007
26349
31784
77395
31936
33596
27315
16946
12357
78747
50812
30260
13061
67359
41414
75859
30150
76879
26766
72396
10870
68481
63879
37034
51857
9423
8597
53381
50060
22126
63735
53630
69065
60015
74257
28764
74676
60327
34005
76223
9907
53868
56191
36935
71117
13335
34688
45057
47665
30045
9037
24891
77313
76737
32015
59128
25186
20680
31249
38954
22530
75468
30020
38727
11169
43326
26482
71714
19493
67954
51689
34846
37134
37658
38339
68922
72158
53953
73869
22710
27737
25534
20424
27500
50398
9665
39436
61397
44741
22418
2568
68660
22391
45347
66619
1144
35043
20632
27134
65994
4915
71611
21897
10897
16454
69097
15115
61134
22202
61311
65330
28454
53800
32810
57367
58027
45719
35882
43137
16577
75130
10336
47459
47950
50568
8747
60281
46993
35186
51351
7523
60528
9558
49925
20418
17671
73114
32849
15702
58065
27525
78688
25959
19503
60032
55618
72722
54786
51696
27964
42589
49396
62056
30205
57376
77415
63903
52512
47308
78516
9598
41453
51284
32062
70491
31962
66608
69800
21977
33459
10172
60481
48428
64601
35843
27361
20382
54659
24621
32875
53906
55879
62348
61501
8980
12932
55504
19574
20415
30186
11702
54049
68965
60072
2768
33017
29953
74726
57874
30573
43739
31907
18930
17093
72402
74850
39010
77269
43829
70240
37249
43759
44260
50493
33513
47545
11776
61245
53965
38723
30651
20153
13790
71958
29736
18161
24699
62609
5665
77893
51465
8567
61177
71316
69313
63843
74918
47054
52666
69186
57813
46290
8384
18753
45463
51951
42527
24868
58633
62842
18473
70750
42416
14595
39028
64933
48899
25870
18281
53329
60381
66806
60046
2370
52094
40626
78698
36084
50862
56523
72306
54082
21200
30154
42737
25237
57621
35725
61379
54384
27389
45670
63030
60185
25659
12251
73387
51024
48827
55056
24726
50550
57255
59514
33053
53301
50581
32713
63297
58926
21346
2081
10334
75279
39297
35194
47330
62792
10130
19995
68412
4328
77563
41578
26410
36615
56008
47738
73263
16636
24273
47663
39587
24943
68719
5766
49332
49673
20816
5255
49741
28281
5566
37712
39258
60340
34817
74590
48286
1505
46970
38988
3621
60772
43006
74290
12326
26312
46111
56330
59385
26951
45051
26430
42572
22447
51336
13612
23082
29405
52038
76260
17096
41094
53283
75613
11658
54724
51343
7462
72691
8424
36672
34809
62624
13580
41942
46216
49217
69252
29680
51138
63157
20687
54247
49615
29399
78141
43310
71677
4492
55671
17903
62901
14700
69314
10017
56639
45024
34880
74812
35419
31869
27639
1690
72679
26116
49557
59667
33570
3137
59602
55937
67349
21583
45888
78794
38834
73460
17404
13079
68964
64015
43946
9569
19557
47358
43240
21487
67322
20359
77578
11978
20139
6710
49894
61975
1356
69643
57473
32889
37692
42130
43678
18625
21992
46427
67118
14609
2005
70426
23895
52420
54978
43510
47733
70054
42081
59653
78592
43750
25077
7785
33039
26717
36248
46746
44925
21123
39767
69713
33605
32407
20259
40644
9990
73756
33494
26829
77108
14828
75159
35041
1226
12007
10237
61752
63623
37397
69238
34195
71680
22188
3088
54737
23841
52083
34446
17609
26292
76897
61723
38551
15297
20868
36055
48027
25932
66804
28493
55265
61301
3057
17715
72359
70199
45214
45397
72723
34684
56548
25570
71577
68893
12221
63336
52097
30706
71405
21767
19467
38176
71755
47091
59356
18148
73121
46605
61270
39027
12186
29662
8119
17495
12915
22501
24655
30449
11993
15984
24866
49719
13718
17591
42962
47178
73466
19664
66660
31538
43680
19287
44096
39796
24348
64526
60277
38947
13951
59096
45327
29509
75833
75957
31597
59938
9609
75465
68180
30445
11802
63167
56510
78552
48247
55443
76438
56896
74297
48209
22496
70559
75150
78615
18726
64987
41143
14031
55193
18627
34327
15058
55893
66400
45810
71278
35078
73627
61866
12978
16698
41120
40748
22834
34409
68322
17310
71996
51415
7658
12975
14701
63342
77762
74096
75158
64965
16652
41178
23918
67658
58886
61745
55176
48639
74238
36028
63180
77469
37873
12526
50761
29506
63414
67702
66257
32618
25096
38132
36641
42984
48957
22386
63258
14805
23756
44336
19575
72368
45703
75404
25770
15458
39820
77971
54691
76886
10083
78657
28897
78179
50157
3622
40223
77382
64506
15665
53643
64821
7749
74170
31362
36023
12390
53894
37225
36593
35007
74703
3657
69289
36532
13222
69639
21565
11819
4776
67143
69986
33351
73811
40245
67931
76518
64323
32728
50872
7178
23513
42377
34695
13637
58330
41764
3486
78435
1178
55699
29415
52116
36895
48784
68411
30906
53513
74819
75317
11166
62829
25362
69236
45229
25908
55936
66370
10702
57658
33435
71029
16321
33435
30021
60520
51717
6534
15613
68595
78109
37751
65795
16486
17955
38032
72890
21596
5662
70371
55209
64688
35447
54183
63443
31700
44280
27052
5502
53153
7193
70623
66528
2401
14403
36070
23650
24504
56968
73335
29438
57170
71546
74526
60667
61077
28008
25425
25138
13489
78545
66790
59328
36618
30564
36940
31126
72756
30622
38993
22511
63898
35415
30662
40495
52943
14515
17823
41823
46679
31691
78668
52399
53789
69963
68548
63723
55188
14788
12183
19364
61530
69753
3834
8445
3963
66727
11863
72678
11552
53159
17554
68452
37961
49032
41735
56806
21820
27179
67479
21011
65307
60424
33302
9227
73320
57916
37828
34393
65070
18534
329
2528
59654
55821
24806
55679
75434
56581
51716
71371
45967
22077
71084
70988
65946
78205
33036
64427
17864
31545
44028
68639
21780
25463
67034
27023
78035
10830
77697
16871
1065
26031
22502
25859
18497
50768
15924
74442
54365
78625
33682
38375
45706
28120
70579
43204
21620
20936
65817
57783
78535
74036
76775
67633
16204
76179
60505
49527
73393
51364
54867
311
70186
13509
35505
25619
2603
41895
34777
39215
34476
69413
42755
60298
78323
65681
77646
28430
44610
67283
40257
30143
32959
2827
14286
43846
73603
74230
60105
38267
63720
1417
35608
45398
29439
77501
70742
75929
14652
17886
53806
14693
34199
14674
21673
42008
51941
67124
64510
21558
28225
73408
40004
30816
30796
42430
33020
72177
38967
23063
69430
16786
51691
61831
40920
37773
77867
156
34583
7607
68685
40955
42923
32440
53267
24926
8834
65127
60678
65100
69434
73680
36980
2633
24132
3675
19338
45266
67131
65846
65846
36501
8551
32672
60472
72794
30938
17960
26206
63558
38440
47705
49271
77112
55060
29656
25438
8234
71049
57101
33382
75100
46666
70601
76057
31950
31489
70805
77411
77094
9150
4586
43058
43586
61962
55548
70607
74904
72138
75721
71528
56517
53396
64419
68357
75321
69742
7387
70182
50363
34079
17166
59774
20196
56411
30054
45119
56950
19082
70620
41736
35189
60190
51700
72391
58041
77913
32088
32035
66245
39504
70418
56750
36667
63845
23382
11490
7805
41990
28941
59085
29566
42578
78759
65183
8930
61086
58556
62540
58930
43803
44928
48439
14373
17515
64523
70275
53110
13012
37884
19879
992
65163
56421
24495
66131
75585
18021
25839
78456
1173
41502
24033
16476
15562
77643
51498
19069
51187
44279
71425
39451
22406
25035
24863
15053
66812
58519
9973
76673
75261
76070
75067
537
15870
6693
50467
77553
22086
40618
63834
58896
8436
19168
34063
56757
37473
17402
18195
38433
17109
55541
20980
64551
32920
57642
19880
39625
56496
58564
45206
65703
62122
75268
62047
8027
27495
26545
36750
61814
39899
54951
74965
67183
51101
22822
29539
56695
22695
73028
37822
69350
40708
51474
29706
59184
21021
59416
73658
60844
70125
42484
62407
53565
38920
57840
22813
76202
41370
41370
49375
48819
66046
37303
24647
20713
77134
18331
66311
78177
27238
16143
20655
57653
58514
75706
24042
21601
7898
22550
18993
46698
23238
54271
17363
75288
15736
67281
63375
6419
7421
63588
71060
46692
58662
28685
44759
30946
53701
58663
30005
78128
14613
72055
54255
11049
24907
75386
22565
70605
3996
13838
68284
63809
8676
60845
59896
27569
34953
63323
70444
18547
74804
57012
39692
39548
72768
27669
20841
61793
60546
61567
24006
73941
67218
72241
26997
31741
23206
20272
38821
69510
42899
63832
16197
25845
53683
46888
73701
49722
15593
73972
69971
18868
74030
52157
62219
62015
19343
20365
62083
70377
34893
67168
47250
26941
51884
68958
36738
4234
12880
70551
46070
20700
78580
42816
40486
39640
2659
42501
6608
9041
24738
37422
22737
38020
58097
68579
65049
8979
1127
47064
72534
51319
3934
10882
32212
14390
68991
18676
21834
22199
29021
29654
34981
32502
25326
32626
69037
22344
42712
56442
50609
3458
30781
287
32516
43653
57865
39552
24010
43831
74047
69352
29210
59317
61580
64514
28582
43303
20374
69279
52904
60230
63417
68329
57800
20725
1975
70390
12729
65573
37848
62884
24615
24615
62884
65725
40926
72717
53842
70725
66529
31696
45747
34879
37756
21726
68717
73181
73208
55771
41565
33493
19622
14648
75711
23555
14892
12723
73122
27844
66033
48498
55030
68919
17461
22585
21155
31380
583
15026
24018
56547
38206
36897
61593
67793
39126
10817
15394
40246
14023
25528
52917
12925
36253
65998
58636
67154
55512
52326
47871
44512
18165
62431
25783
26450
12803
31460
43274
74286
70255
39089
40923
64386
8914
60590
37446
72748
45558
52553
31405
74256
67312
22696
9390
35137
51797
13311
944
30904
7680
58593
54038
40055
47333
61771
32059
65919
71593
5190
15204
47542
44386
36107
30416
54585
77250
47318
23782
17685
69461
42017
24544
63819
71027
61468
57974
48492
49874
49138
61797
37709
61964
48412
6702
48059
33301
49667
36941
60245
48721
628
67926
47602
72956
51568
53216
76357
10469
25553
46827
69628
75343
28000
41515
22415
75389
74574
67077
61271
34987
27094
55170
50474
41
41708
41882
72292
40666
58448
52660
45838
46136
36717
35138
7763
18227
55218
29066
6978
34584
18542
74232
3999
44514
66337
475
59300
69099
58726
60446
25129
55204
53393
49257
76603
17427
49540
66409
50633
20510
65176
71812
41243
22217
32206
48793
52316
56047
54075
23627
60863
60431
60418
45755
13753
3985
33505
33145
4502
10345
53386
40761
3044
43077
24853
25437
12665
58409
54459
2822
64167
31632
78496
33628
25055
24393
57919
31912
41054
8777
40008
35885
4646
21018
38286
33148
26154
11686
53925
13678
15947
21776
5461
21147
23100
11666
32590
33807
5055
18380
46272
50168
73043
51030
42311
11131
6905
36545
53279
22328
63870
40065
28684
4437
77535
9388
65458
6960
43276
52313
56627
71431
1779
43247
46439
6399
20934
58755
64652
63634
77149
15390
36483
52054
38980
74834
16977
11433
15443
19371
10404
42013
65638
67892
3531
76968
32362
14664
75520
1387
51934
67393
7660
46948
170
1283
48947
9712
26013
20540
54102
67132
40098
5113
18480
47879
37181
60837
57868
74037
74667
66550
53752
365
14033
61174
16065
32623
70052
42916
21979
35836
54320
74494
70204
38411
27947
46086
69575
67463
78450
42902
9370
16651
18803
63692
21428
74309
8228
43237
40821
10862
33140
1427
70097
65910
24466
33528
30631
51801
64985
72221
78441
17884
37728
66757
28639
28969
6505
17653
57631
17921
70945
38147
3175
74505
53673
55799
16586
40931
56683
14841
48657
65598
32533
25287
21422
40387
35647
33536
15181
48550
40059
61387
40449
21867
64154
28479
67468
35154
27903
5859
19927
59155
58136
27999
76347
25744
60372
30092
70856
36090
3225
77158
30145
46499
75758
40262
3769
64067
49751
74156
54472
33981
22878
51063
11329
55133
46508
52052
46200
23277
67561
301
4855
19462
62896
40602
25492
75502
31954
4370
39066
53901
45480
78349
544
22132
51839
66513
10238
6935
74929
15742
61930
33773
25116
78497
11306
48708
2075
34200
63139
19132
20597
22402
30541
9187
35386
62728
46573
60316
45383
58297
37317
64305
67199
5377
51753
75128
25264
25852
25178
22024
22397
38347
31528
5481
44356
16721
5402
10812
39135
17152
66689
53960
68808
13252
55485
51854
34231
37774
9095
7655
35517
67373
41134
60033
59935
39847
28045
28078
13284
47914
50703
67008
25850
72144
49091
69677
4787
27968
53059
38280
77898
19248
23666
37660
26960
33226
30060
40092
72164
73034
53419
35045
57619
71562
32134
72570
26706
5669
73001
61286
75004
70391
78721
4752
24678
50253
15042
2743
40392
32926
3594
29969
35343
54667
47304
55600
61241
34652
78282
22646
18459
57176
5553
64715
78760
49624
59786
47931
77559
15739
8189
65828
64655
66962
65431
74673
36193
8860
35146
74328
43674
72358
64778
16340
36600
54186
53888
25190
38642
18761
27298
52210
3582
68863
54475
48248
55992
43677
41225
55996
31681
39660
9487
5890
14713
48605
25291
52267
21919
38450
969
46306
47071
70613
20664
46635
58314
78061
1272
70420
15011
37470
76866
29060
59687
54237
68376
33662
36587
66629
53310
11875
65174
23761
47374
71709
49347
74112
18491
31799
35456
76465
39920
36186
24634
37582
54203
29444
59885
54904
51054
3297
5576
4750
30057
16814
69375
42560
73489
35941
65993
53420
28606
63022
50124
49606
44856
45230
13994
60457
68139
36695
72937
69089
19676
76167
24612
4264
43054
35694
74853
26114
46479
78355
4302
44756
2636
47611
50489
68264
48204
75564
28989
41321
26507
66478
54358
48558
55954
45804
48260
33184
24746
49177
22288
66172
12423
35587
60893
15199
69152
73077
12232
23362
15407
23593
56969
5044
25375
65972
70161
23190
34128
62780
42175
69175
71410
52293
36577
27733
34588
60521
74839
51460
40081
3829
26459
44400
64873
28055
12264
47170
65123
36565
73304
49170
63490
56181
71791
64712
76188
47530
1046
60675
12378
66000
72588
34763
51894
75013
55758
25074
39999
49016
9420
22287
74264
12462
18014
53448
5543
76127
41688
41647
26422
17084
62968
38651
38945
36706
61899
58557
50857
59009
17187
14503
57302
45374
65536
64989
69488
46197
57728
17851
23578
32334
39958
39091
50516
51755
9899
59986
43479
38943
34029
21098
39302
40174
37656
62664
48424
27724
41508
20298
42617
10703
67431
8045
29669
19888
76697
45549
6454
58447
46307
30358
53028
14441
63475
25606
45694
62998
29880
11557
72846
52117
64734
66972
6821
74637
18388
50184
38141
40108
14913
70904
61506
24035
60417
75523
21932
62824
4200
47167
35377
7984
3992
38668
37448
58104
57476
3130
61071
13433
47813
36877
6019
33370
49006
19302
50289
45340
29628
31392
37834
28183
6496
41487
57394
38537
63687
67016
19265
13446
30840
57947
29367
37518
31248
1631
3953
20412
69732
26364
24160
11333
69004
44019
52232
4439
78144
58291
9292
53594
35682
49449
26756
15609
32998
22843
53711
75809
48652
53730
62134
71482
51499
17853
65104
52363
74484
14305
7977
24443
51016
47560
59249
57015
73996
27622
26468
38649
6520
66246
22728
60470
29468
37763
71558
42139
35509
24218
27987
13583
30715
64297
1276
17902
55361
50944
56369
24361
1113
43851
50201
26955
30554
3452
62837
76915
13755
41913
29485
77307
63227
54002
57510
25442
62355
29273
702
44645
69237
58525
43070
22054
63207
52108
32978
70095
45278
28012
33188
19542
62510
58413
51010
77866
42237
45416
64724
55701
130
29793
5368
46021
823
34998
61414
69059
1841
12489
28197
12489
33076
71923
58381
41733
12432
43460
7790
30550
39605
18636
19079
77588
556
53387
35363
46984
64623
68745
40979
57221
50931
62986
6276
27112
45005
7183
29097
59915
73007
22374
48184
47980
4215
20030
60241
44844
17991
35027
68377
43106
54944
2548
19831
56677
36256
64649
62885
7312
55341
75546
70823
39293
9068
14811
69473
23108
51540
46196
47509
48303
72481
2015
19076
20720
20720
54078
30634
9746
66602
42580
33210
1411
40325
24439
45990
24768
17458
18265
36487
71661
78815
4920
75732
45947
76423
22252
63319
54845
9056
43628
10900
40707
16182
71983
11007
28770
72231
50562
10416
44160
61169
76725
27390
69831
59820
23465
75141
24873
68045
31757
73477
65146
40847
14137
39252
14257
49509
59873
11289
6789
72712
76946
46436
29310
45742
16948
39370
69227
21467
24602
34230
66948
36491
16184
52409
21474
20344
6778
57379
51040
54354
19929
46371
48667
52694
4859
43840
73568
13898
34299
21242
65357
42928
43041
35387
77620
48788
12793
16267
78700
67305
72854
46177
14939
71336
1993
5638
13403
76261
48246
25307
16228
44189
12655
13719
29014
38214
4995
66771
24709
10939
9738
57524
9662
22583
18116
19693
46680
19116
72542
52809
78293
4790
62316
39470
32336
10084
64502
73069
3737
31645
26109
59889
33402
50722
19140
56693
4223
14600
2565
23874
21549
25867
41671
19672
49363
39856
1240
64597
10129
49117
76810
61045
27101
31711
39119
26552
37083
14955
53535
1340
59435
60611
37517
7903
7509
2030
38460
73463
51799
71095
33771
17504
29647
70624
64620
56108
30759
59349
47992
59105
73233
15452
71830
49187
69385
64753
36665
6123
15637
74280
10669
60420
72003
45192
75179
51875
18115
65590
42490
47164
43537
34671
50273
63622
56591
41416
78595
13478
5073
73716
62107
61342
56216
28150
48747
44118
65245
77182
67227
8285
14885
13694
27321
2036
2406
1424
13316
61659
51098
61512
78122
30217
10277
55813
12619
61681
53762
19203
65480
44022
19534
16804
25615
74990
64028
69631
70890
4176
49330
72544
39388
19054
55112
13807
48625
22134
26427
52223
68540
76076
52223
53169
71342
38851
70847
43931
32585
26845
12100
28062
46132
71584
51433
77373
66864
22877
5959
5340
38828
76966
6213
16998
40697
55377
52120
56558
58938
23476
57883
62203
56629
62324
50143
26615
74396
75310
30215
8020
21112
52361
62816
63546
41712
72796
56474
11722
30008
27763
52130
3663
54055
45596
63441
34839
75688
41024
57459
9362
39936
49922
45319
69384
12544
21749
23749
69171
37699
17725
66952
55491
4029
8544
60726
24598
77888
24368
8873
42607
54363
63378
43222
36544
5848
17944
2388
58822
60333
46662
61235
33565
30961
49239
53889
16817
25857
32027
5381
39037
35148
10536
63160
62569
49462
9393
78154
55216
18387
73693
57237
2237
39882
26454
15125
19205
23233
53149
27771
54277
55084
47926
2089
25102
11285
57374
41796
34243
59466
51093
34602
35575
47884
37837
62678
55664
50078
44008
26718
42207
40097
36401
3798
33910
39477
77795
34422
76194
37962
71448
13067
61724
36445
53201
57511
44426
41749
21504
25271
21512
35394
27337
66676
73617
31856
54875
10142
9389
76469
22144
8350
65380
23713
20842
33465
67878
18043
78267
16986
24173
32681
36259
65808
24914
47159
49568
30887
18447
35857
55733
68915
31001
33388
43282
9920
52367
71122
4163
25482
35064
56423
66423
1978
45425
13707
25856
75294
14374
11563
833
71343
48391
51883
54607
62166
72729
42271
38140
36470
26810
34018
23322
61740
25490
58536
70735
39206
55870
5416
58579
30960
69511
3825
20644
16905
72500
33906
27174
4689
62996
49200
69310
7663
37364
71505
77606
32456
66906
46331
71541
78728
65912
65860
44427
53351
46828
43601
34349
21247
29703
21606
43522
46863
8826
71294
53541
4726
15471
61889
25667
44898
18283
75415
48029
61069
58245
22044
8321
56135
52171
59489
46540
55727
78769
54482
65832
41892
67940
15153
42361
74501
33110
52814
78120
6234
74900
43849
60353
58280
38273
65130
49094
24091
41949
48582
60400
30234
62
66783
33667
40950
44625
71114
60366
41809
3539
9143
41809
33144
56923
47291
38409
36822
30375
47163
31509
66929
21785
71310
52500
10047
50559
12308
35040
42123
58306
70068
51952
20060
61683
74038
65004
42369
9800
65526
23059
65257
20875
38557
18845
41117
10985
33137
44719
25922
46390
57096
43017
5283
57812
60192
5561
62487
14997
25158
38626
1855
49189
75027
44584
66893
77496
7320
28308
69143
13658
25828
7985
13762
57370
2894
39160
55523
24828
179
37322
58826
31493
18890
6322
74218
11682
31433
10072
77590
22116
57576
19884
72733
51397
67202
22145
27106
34726
11479
13085
56373
32408
14451
56165
20856
19226
7211
25620
44576
39719
18647
58963
55369
72234
58661
24184
24210
38515
62059
6711
73275
23990
41964
42900
19066
60908
71142
59027
19275
37501
24595
5578
62482
26749
15758
45078
58407
70432
21353
55892
5951
50742
76142
75867
29292
51420
69657
18611
35316
30675
41746
27208
4373
43191
68890
30963
67831
55719
28537
8809
8369
63521
21041
59697
27503
20993
30320
47161
77028
69438
19453
41434
8273
18745
9884
28244
67872
22477
47901
29351
15323
13783
11866
51932
71638
45228
4717
31979
43639
57028
41004
23719
4346
20163
18127
11450
42253
31187
49433
73130
41241
68312
69022
53840
72130
38611
61434
32602
69014
21088
58641
41545
69320
29233
58173
4937
22462
5463
35306
26374
12721
64276
67544
33556
13441
32431
70545
66115
15803
29047
62307
56138
49050
38770
65092
12747
68790
45592
41290
28726
6901
40389
78084
42634
5965
71474
36434
22239
40627
67864
60010
70026
41482
18069
69887
13458
55090
19867
11933
11653
11711
64195
19988
27789
44760
4007
31591
675
65604
4637
34194
33273
18065
24838
17508
1807
26729
47930
68198
68950
27116
11637
69975
33328
30692
32304
67540
59616
78803
35968
1593
37849
17471
16103
52460
77226
74116
73401
59267
58574
45124
65206
12553
1694
26656
72015
57859
7420
61063
24526
27016
70333
64790
67504
29575
52015
12395
50553
35111
48823
36595
37001
71271
75260
2194
12180
20130
55516
44135
13099
41921
78254
49353
52103
42421
43125
7845
49329
56531
42212
55926
22770
60694
48004
44315
61861
11224
35400
39199
20927
14138
17141
4539
22791
67021
40247
4301
2735
56062
54491
16745
58945
40408
60395
53618
43663
42231
27877
18066
18130
46198
72288
28636
24795
11248
36927
22291
76874
72764
11309
66011
34442
63428
63394
16408
70769
45790
5470
72403
42668
25098
33616
40391
34130
39281
53544
14080
210
10894
33104
18133
71230
55094
74124
54830
3706
12901
76062
17303
46505
35521
41617
21710
11003
11787
7900
17614
13112
36902
31707
18019
75922
17305
31612
9657
9801
5954
53804
25153
29512
74120
46249
24690
23676
68531
41769
74986
59533
42898
1322
36126
53654
2938
23185
20704
19147
51575
63305
46885
8043
5275
70159
38603
11119
52457
35879
7419
42005
5583
50144
25617
22926
36295
66620
39404
62466
63371
38916
54532
59121
46454
55036
34757
999
21267
4376
57715
32804
73510
50454
30029
23246
2751
49783
70192
69878
48393
51598
20623
39147
8801
37388
75177
68684
16646
53578
9059
45845
1371
73111
52100
28235
46744
46831
48251
9562
41587
45843
58506
5893
2791
26270
42761
42248
65756
57630
73574
31927
22824
39894
45511
63527
9272
56285
53173
71765
39502
48175
47525
64633
66567
63964
38131
51331
19383
55608
27777
33155
64829
12949
56713
55381
42444
45906
7500
20970
22021
11246
57632
64012
53828
33665
68557
34730
48531
24573
36949
45869
25989
11592
45812
52649
71145
47894
26288
44751
71815
44751
51125
34150
68644
47724
19649
74977
62193
68270
22078
44973
50991
30414
3109
37784
49136
17265
53205
30095
78584
68326
1294
15861
76004
35411
74299
11158
3138
64586
72884
64280
23256
78325
12470
57891
16076
63541
64409
4799
13661
58484
74225
33654
45048
18170
56611
74069
2378
50441
19530
72495
4624
56916
44460
12601
26067
41216
43542
43353
78729
65374
48375
8282
22875
15070
71500
11739
55572
8823
59074
17967
14183
74738
58487
2788
34316
10886
3290
41766
34401
18340
72314
15534
31736
67841
66533
50800
23818
32205
19433
14641
19295
26125
44470
73332
3760
65579
78007
18033
29890
26929
37664
21627
25135
30752
29554
42131
59886
61226
6968
3589
77973
62911
38048
10299
22964
16211
70028
32153
78353
75329
48647
29121
67482
27770
64916
45497
16856
76624
36078
29379
76627
75972
12947
13343
74265
40190
24398
29531
68606
53812
31532
59320
72972
36167
33073
13188
12166
23644
78206
77516
47464
74458
59649
35763
33775
62687
29459
50993
26675
22931
12681
76622
75551
13220
4434
76353
49387
34447
72611
41188
40899
68349
77944
39556
54924
13472
53719
28348
39221
44256
7269
10350
59672
19603
63449
38438
23251
41887
20379
29111
31989
23395
54593
15089
44284
72777
56844
19274
19498
29155
60480
40281
2067
9697
16074
70905
20025
42665
23515
37176
22736
67194
65978
60096
39755
65679
49245
6724
36746
76433
28063
36464
25288
40176
4533
68373
54015
65791
46391
19827
55702
12130
15303
12850
50771
27292
1480
11669
38711
48943
33657
6726
3053
37010
77229
54462
73074
76489
76117
51213
48644
8039
56162
62631
22713
17588
68088
42619
37731
7173
21302
67236
1719
47244
23601
36578
15003
37047
39871
67888
68814
379
76854
75886
37341
63478
60197
57920
32216
64244
46840
6306
59386
26530
4181
16096
23162
46066
30350
15909
64827
27507
4349
58445
45207
14986
23260
35858
3565
575
39658
38953
33060
45073
71807
60131
40342
12329
71259
29995
66269
71806
41156
73973
65689
59570
16068
44736
67489
38470
13097
62417
59532
70506
16937
41135
13338
60212
8427
63296
21323
48118
69482
47493
5522
40256
56858
8905
46067
9974
18830
12328
41187
50780
75098
58779
76872
11018
70674
78164
54230
9395
18443
23069
38703
57225
30231
37899
56849
73193
76592
61080
51599
18426
33491
14004
19796
4828
35809
77036
57415
59179
5342
56828
38311
69914
57465
57917
59981
68970
16854
74436
71235
34669
45071
58673
66866
38063
4900
28778
32519
40048
57858
68057
1910
10530
26188
9325
71655
55091
56380
34921
26159
34939
76139
77534
2115
48761
48483
11374
46340
73243
3546
16829
567
65359
51835
2190
71221
4267
47320
31908
28141
12105
67706
4071
49519
30710
50876
30772
57860
51017
36155
23139
68603
58010
14951
67189
56024
9221
74356
10834
19539
44045
23222
8233
64005
51145
24946
17422
26157
39723
40524
46629
32842
44185
24465
76704
75880
8498
73143
52372
30357
71535
15154
49436
56359
4713
58069
57534
62209
12889
5939
47624
23200
61404
41177
35716
30729
68744
77237
46928
51769
39448
57180
51652
18903
33086
6058
69917
63376
31146
51225
41640
25345
26567
25642
74523
24452
30894
70642
58100
73599
22213
18150
41330
18139
36541
24435
78182
12772
6758
74240
19601
32308
22162
63471
77851
55890
47060
32853
58551
25798
65646
72970
22621
54610
13798
39775
34818
29548
16561
24740
34241
59239
70394
37703
47084
39374
72624
54305
23628
75892
3837
36731
38458
43388
50881
21682
40177
69442
55715
49278
61860
66145
16084
62705
8365
9065
64171
53929
66191
62187
73255
17800
34244
22916
62427
7671
75683
75475
20109
30659
67743
66573
21829
21283
78540
38055
23837
9160
28571
14088
13695
47717
56576
35247
55874
70839
48680
78744
5701
40372
979
30727
51856
55445
35089
49974
33046
22514
58697
32894
28234
33278
46955
1980
36334
56023
37252
30935
58460
21124
31633
19894
76240
51791
75436
62737
18360
15095
25763
45800
18326
32030
54484
50631
3687
11947
30978
15951
71153
38753
65669
59611
33314
14245
24867
35324
18481
5987
66161
77633
61298
54303
45355
2745
5352
53782
4212
608
37561
75383
48752
22567
38970
39524
78558
40636
78718
69674
18263
28856
19353
55478
54954
10039
55676
8243
20683
65986
21564
18770
10207
78801
65205
56879
64743
33220
36289
66129
49106
13319
11472
37887
66218
42109
21569
13234
47223
33704
78489
8884
62534
26657
39595
71282
5832
24509
55104
67979
26709
33461
20240
72081
75516
28018
7156
44414
25431
76539
59678
63228
60341
54713
73270
12096
63943
44234
5829
26847
51871
19832
67970
72966
28082
60359
23234
64068
15851
13813
73025
6760
53552
36465
62635
11013
71707
53709
77787
45288
37508
62607
20292
5997
73101
66496
77397
63093
53549
74960
40327
46262
22923
63274
37070
37070
7069
44290
54407
18790
45896
6929
65935
28391
7600
46618
51060
3962
65923
71290
43408
58402
8079
11172
26901
29942
146
30827
71790
43694
49416
34649
11911
77760
5213
51695
41070
54746
25285
76298
65115
25110
43747
51972
42100
72823
53777
1946
27073
47675
31225
38599
20209
30426
44800
30466
12204
51423
33550
39480
28134
23929
19220
60571
73479
61770
18420
48104
47278
38677
75650
38028
19891
9348
8403
37152
78800
14956
182
57178
36222
45237
40364
70571
35918
46405
6714
791
69325
61164
1182
61505
32945
55275
30551
20073
34141
31670
77771
58736
77627
59418
45236
38832
39569
43874
51162
60619
20509
78310
299
45008
21783
49425
12508
64942
40915
72913
59168
52415
68347
56636
16388
2379
49196
34866
57846
61494
19170
24870
38021
36029
66273
53133
53462
8819
15913
34529
7109
54275
34656
55689
37826
64049
64411
41770
69842
41880
48326
7016
18950
68554
12194
1988
35891
18682
70409
24555
5937
14170
44833
72650
44899
40718
76586
22806
37565
63161
31050
43417
5722
312
49886
38612
3440
68028
21679
54544
41850
18332
6182
22075
72897
25784
25219
69454
51400
8364
70641
76201
41998
25768
55931
8949
40879
34245
66437
43511
63206
64744
63092
1515
77950
51074
19871
52110
1292
19015
69517
476
23624
70474
44939
16517
77530
63280
3988
63388
18559
4587
55706
72848
23392
48443
50332
35140
63236
16936
73500
32787
63508
34472
51532
56600
10124
21712
10782
31782
5809
75222
54187
43316
53697
75736
36765
27593
74058
48058
924
18405
41197
58035
33763
31977
8865
44125
26418
50045
9679
21022
36123
72382
46083
29063
54961
14128
30125
33282
41696
65409
35586
52909
72710
71232
12382
820
56200
66152
70096
3633
43615
21959
26356
12321
17250
19211
46687
71534
58476
9405
31098
49442
31480
21719
75558
72205
3577
59391
25132
72415
27688
52062
67531
59709
77614
49055
64723
29407
45459
61924
30852
72418
63880
67379
45829
67727
40396
19780
16848
69524
54158
72275
10805
56441
73416
14253
6511
24486
59572
20116
68961
8672
51089
59996
58800
25738
29492
33218
16526
77412
22163
44754
64279
8051
8695
19043
56610
21899
64042
45133
76251
25418
71056
46448
13467
73423
41900
72427
62155
48733
41504
77476
26425
11995
45070
78411
23930
3864
78218
2210
20522
52985
12171
18795
4016
26171
61197
74179
56703
51496
58999
59474
10878
58433
56097
38203
65724
15588
28937
21927
42381
14280
36423
22372
4771
52134
25918
49643
65838
38530
23143
66993
19241
47529
11067
73703
49958
31172
46462
76244
15455
38015
32297
75986
74890
10822
16870
1293
51807
21429
66099
15693
60038
10276
20423
58467
67827
27656
37778
11045
17398
13620
2564
63141
17154
38887
20552
69805
21986
57987
16057
49182
2455
28965
27627
75113
56186
70967
3575
13995
21091
69160
77654
58221
25643
36169
73224
14474
66914
68
46838
20944
7513
36796
35601
9514
29449
57093
44801
31767
10085
25883
2128
21637
38868
73636
48695
36592
22049
55959
3286
35538
75592
58588
30191
68033
70846
74419
55705
9852
7164
3456
38336
10524
4136
15884
66185
36646
42052
18012
68280
16162
2339
66955
198
59064
37247
56312
41774
13575
45264
58841
47845
29412
113
41449
9536
49167
68662
55226
23314
17668
28784
31842
41074
47827
56413
33430
74353
57291
3501
51778
24288
47366
43402
16344
403
25561
51380
43214
75038
34384
6600
48053
74011
46350
29681
56199
14945
55528
20561
60149
767
46630
12010
34942
57509
71773
10898
53416
49637
59299
25895
1709
50171
47193
50725
48855
68127
22297
23634
55367
72694
63707
28866
49579
63360
63182
44579
47737
76429
32383
63191
77217
60552
39749
42299
6152
72779
77435
59791
26886
45752
2941
4327
74351
36342
60242
21707
30680
48122
44210
53233
49799
76191
25474
52105
72066
15134
20843
52733
25197
21464
14825
51000
67364
63351
14524
29134
42143
70844
61317
29457
71274
27566
15020
5650
63597
48425
52966
62216
15854
69355
45181
48057
7282
1125
32351
11367
44619
51100
77054
12203
8955
30241
18718
11145
31263
10388
39688
34094
48165
6484
53232
37904
65291
8099
27114
71648
11613
27263
7851
34518
56910
167
17249
53927
50878
62894
26062
14376
71570
48147
31335
4575
3610
34135
70695
18374
42168
19114
51183
63127
49385
61243
66103
75045
70185
45647
8265
23854
63259
7736
48798
7059
8547
31088
51985
73978
3070
63320
34124
65825
68820
40982
50194
49654
46826
13810
24316
78126
24316
78126
67654
50769
7778
45905
13065
28027
35661
37761
37050
73065
12809
14432
41109
31181
67362
19366
27837
13912
17832
15859
41307
31425
75172
56478
18457
15556
40173
49752
66485
28324
33192
47049
9293
25215
26977
22618
47954
73222
64022
17966
39274
23940
75920
44156
17940
25690
70058
35913
11464
23210
40641
44163
9765
31180
68888
18961
20027
50290
21352
54637
65168
42055
72630
43473
42996
35037
4421
4701
10790
26355
17445
21830
61407
39222
14673
73409
67929
39440
31127
26388
2453
64628
64674
14297
70989
63713
12766
73646
37334
12562
43459
60208
66577
32638
39877
78563
22541
30734
62841
61094
52777
55873
15488
35274
44804
37385
35890
23829
19722
1853
50305
75999
35313
19294
7852
51935
14172
35035
23850
68368
12008
25173
16060
71719
28742
23171
7997
62948
11269
72582
19202
76944
69426
7444
40465
41485
40182
9153
55995
35803
33135
32063
4921
38852
56017
53118
40611
54246
15578
37810
47697
1236
33215
7708
70757
50506
57680
7490
70225
72934
65844
58126
62781
33986
68415
6727
68218
69286
28675
19104
7840
61602
29616
65547
14239
24996
51984
76442
64749
29923
43777
16943
71420
77938
68812
31677
63005
49690
23366
64050
43291
25668
47053
31871
76857
76619
44479
38936
24143
45950
1743
18879
50394
1006
75477
13179
25639
805
20503
1705
8651
20322
60017
67713
45494
60793
64406
1154
72488
66885
57988
14083
8508
72766
30786
63855
28296
50393
52464
52443
62909
26179
55357
49810
67663
28698
50494
34441
51733
21980
16359
63625
37590
66310
76590
4663
25282
29421
2677
60701
3308
19235
47316
28145
50218
30010
57788
1683
28558
43166
17500
15410
7789
38964
47104
77146
50832
61579
19133
48865
41345
30913
31497
5781
17928
64536
20300
25484
37089
23285
10391
72991
14075
21363
22151
2391
3414
24889
73938
20252
62023
74957
74348
56797
15267
73864
3828
46777
70540
60645
44187
59593
78003
34226
26041
66848
69020
15624
55638
44903
78065
13916
11059
58204
20771
23068
43362
78202
15621
32649
55105
43622
26708
59203
31069
58760
56100
56185
59768
26097
19667
75743
75194
4979
55089
43422
74296
26335
38030
612
70384
65793
16185
3897
45988
12313
62746
65810
51080
59874
10571
13364
34577
47578
52438
69744
25629
53875
58567
74935
41073
26617
57368
67517
27339
65614
1133
37361
44653
66978
34815
57434
8242
54743
54550
78478
71625
42997
34006
22782
8344
64700
32170
48966
23043
78511
63321
6522
76888
18580
18339
33096
10248
36534
77529
63353
68474
68864
42120
75575
20260
20884
35094
8463
70015
1905
56595
3617
44021
14103
32300
41529
46817
48176
11926
22830
20186
28618
59994
65280
76221
39777
53989
78690
52601
3121
19228
39574
19713
42798
43343
27228
20316
21085
74391
16212
64710
34270
49514
51684
67156
75163
31094
74383
78447
51906
55867
15127
700
41653
20256
29424
1223
26443
22394
71954
55759
13070
26588
46778
49480
11602
58581
7020
41087
63199
68104
18715
59270
29070
52589
19161
51204
34223
44475
8466
69190
33928
31975
28857
8506
12212
68253
10365
73264
74248
22057
32710
61937
13532
47654
28628
74446
54922
65128
6750
5167
57831
19409
3034
26535
40429
35964
52456
54817
53848
47991
15789
53936
8077
54426
32807
58194
5072
5684
55119
50778
34112
63854
62621
46043
49998
24369
54540
72478
2908
25436
14478
53553
23600
23424
25313
65198
69909
64738
36784
61173
7564
71953
35182
38039
43878
78106
25134
39782
44503
31312
21245
71391
53339
61704
64797
42096
39257
6391
45951
23258
27386
47534
29718
40357
68957
41165
3105
62661
6236
60374
20744
25042
62724
23155
62279
37880
48932
68707
61053
1079
75978
952
36410
46935
27600
12867
4062
30782
35736
69585
17029
77048
61553
66368
65963
46402
52735
6457
19323
14273
37527
36962
48229
24628
77962
75647
68405
20761
13101
75169
71599
8989
41205
61119
38782
38415
47662
46075
68582
72809
36513
6855
40544
1610
32564
30100
59214
65180
73214
37669
18297
38704
48070
42220
32198
185
31243
50036
33151
17971
29036
38657
68285
31137
35741
33325
26543
61715
46194
51211
50132
11981
13257
73033
18703
46848
21058
45029
31482
74457
49098
62189
19332
7061
22114
35130
21378
36026
46543
73807
7494
55707
23510
17444
13555
50636
26524
30385
29360
10485
21310
32178
64868
55988
46456
58186
27976
24755
23813
12643
34957
41082
64452
71572
11923
44215
18277
57281
61981
34439
18060
34821
15192
756
9342
72863
60822
76308
32514
13874
61599
64625
66328
14558
63995
28039
61373
45911
75137
39869
30950
7329
52920
63214
33960
77077
52366
36963
72183
57431
58021
15658
10505
66926
22655
78111
6259
75620
53408
78598
40079
17611
21650
42405
49699
19890
62668
72530
31370
52688
10558
634
19939
39267
75805
53625
36929
30770
12610
44927
64366
63291
15165
55388
