0
1
2
4
8
9
14
15
18
22
25
29
33
42
49
50
51
70
79
93
100
103
112
146
161
166
187
247
305
309
348
350
362
428
616
632
908
917
974
1000
1043
1078
1162
1200
1229
1343
1426
1525
1579
1589
1805
1816
1831
1884
1936
2005
2077
2079
2209
2210
2238
2430
2560
2990
3037
3040
3041
3059
3064
3078
3426
3437
3585
3652
3713
3890
3919
3959
3968
3976
3982
3984
3996
4023
4028
4076
4104
4106
4165
4196
4266
4283
4326
4331
4364
4365
4401
4440
4494
4708
4720
4817
4834
4844
4846
4869
5118
5177
5269
5285
5670
5690
5911
6001
6010
6011
6014
6019
6030
6037
6038
6068
6071
6104
6120
6142
6174
6193
6194
6203
6222
6314
6375
6415
6610
6756
6843
6907
6912
6967
6972
7001
7086
7128
7314
7353
7480
7531
7889
2098
1667
53
1267
570
2075
12
229
34
2059
621
6
1552
2050
1558
1607
1024
138
1132
1798
11
540
30
1551
1100
1020
2084
1542
821
36
349
550
568
19
311
525
1028
1564
1036
1025
2067
1077
243
682
434
134
38
634
115
140
533
162
265
586
90
41
67
620
526
88
1066
1163
202
1045
39
1056
321
490
766
601
1041
724
878
592
520
546
5
1576
85
672
1543
442
522
264
425
626
1033
1218
26
803
573
521
531
1165
23
513
1612
28
2749
121
3
518
3553
2570
2563
2122
1616
1762
2085
1872
2060
2078
1575
1640
1057
1560
948
1029
2094
1891
2630
1080
1541
2062
2057
2597
1941
2583
1577
1555
1628
43
2595
3145
3602
4096
2065
3077
3645
2186
2578
3591
2048
2657
2054
1030
1182
2055
2066
2027
746
566
519
3096
2577
4138
2993
3074
2071
4103
1561
1034
1554
1059
1794
1556
1591
2288
1546
21
542
2266
1559
535
3072
4154
3252
3635
4603
4676
4669
3546
3079
3584
2561
1123
2110
840
1124
136
318
641
538
1484
3256
4109
2102
2120
4179
2572
2181
2056
2166
2117
2134
3794
3218
3322
3703
4128
4101
3597
3062
4105
4634
3107
3076
3209
1173
3687
4488
4099
4612
3599
3754
4133
3869
3119
4608
5665
3955
3085
4626
4787
5174
3587
2649
3514
1051
4448
3090
4613
3103
4689
5642
5636
3443
3692
4616
4690
4627
4654
4107
3595
3127
5651
3141
2566
4567
5112
4147
4157
4102
4506
5643
4130
4097
4122
4547
5125
5658
4203
5621
5139
4117
5459
3073
4620
4633
5184
5555
4629
4143
5313
5233
5588
5101
5425
5331
5660
5181
6130
6659
4100
7198
5889
5678
5127
4899
4898
5835
5302
6656
7169
7171
6327
5633
5577
5972
5278
5401
5386
5978
5687
5864
6665
6144
6705
3604
4581
5640
5649
5669
5638
4647
5168
5394
5205
5277
5281
5107
5126
5237
5395
5268
5655
4115
4108
4639
5739
5676
5124
5680
5154
5262
5342
7705
5140
5637
7422
5650
3205
6672
6153
6725
6679
5345
5666
5117
5727
5113
5820
5652
5937
5715
5828
5134
6515
6166
7174
5329
5130
5772
5156
5376
5610
5901
5255
4888
5661
5741
4777
5135
5865
5071
4841
4661
5129
7657
4610
7683
5644
3082
5187
4229
4119
7168
6018
6677
6150
6794
6675
6163
7936
7172
5132
6678
7690
6671
6151
6543
6664
7457
7687
6149
6662
7447
5208
6145
7175
7176
7970
7699
7759
7576
7777
7744
7204
6191
7694
7903
6562
6146
7673
7300
6941
7063
7200
7890
7749
7183
7206
7150
7681
5141
7818
7698
7231
7217
7202
6396
7273
7283
6685
6152
7201
7883
6667
7233
6763
7228
7886
7323
6668
7941
7230
7216
8081
7178
6657
7106
6683
6165
7696
6658
7686
6551
6219
7460
7334
7847
7295
7401
7483
7706
8001
7195
7984
7779
7155
6661
7711
7431
7736
7050
7276
6660
8056
7221
7807
7529
7170
7211
7823
5190
8095
7111
7729
7522
7281
6008
6148
