1242
53
2098
1267
217
57
2075
12
769
32
6
34
1558
2050
1552
2052
725
2129
13
1566
810
11
1551
1036
1775
1569
1042
1144
153
289
514
524
942
1024
19
1077
1137
1028
525
1399
2067
1025
243
818
172
134
645
860
552
574
704
675
576
184
1089
526
41
88
1066
169
520
1072
24
136
773
264
1061
189
724
77
1728
320
5
1564
551
672
1543
85
887
607
48
1856
132
38
1978
1143
1033
1021
45
55
1663
847
545
40
1084
1173
659
2749
256
341
46
1395
2563
2570
1051
1522
2085
606
1584
2060
1575
2078
2348
1556
1070
2099
1547
1542
2094
1216
1029
1538
1553
948
1541
2062
2484
2575
2582
1048
1453
138
1207
3629
2591
1030
2767
3086
2583
3139
2924
2049
3586
2136
3584
2014
1075
1063
16
2700
2057
2562
2109
198
518
23
2920
3612
1545
2069
3074
2071
4103
1590
1059
1587
1238
1572
1622
1591
1707
1748
1637
1969
1559
535
3213
3100
2564
3081
4808
3075
3085
4639
1876
2578
3079
3111
2561
482
512
75
154
354
64
2338
3080
2584
3503
2066
2148
2181
2489
2108
2111
4305
3388
3590
3742
3627
3647
4101
3597
4638
1563
3603
4096
4121
3868
4133
3692
3670
3298
4099
4612
5123
4749
69
868
3243
4608
3102
4398
3648
5636
4163
4410
3593
3105
4109
4676
4613
3090
5138
5926
3599
3095
3268
3738
4210
4616
4654
4627
2401
3088
4505
5651
2566
5650
4531
4097
4667
4919
4130
4102
5643
5572
4640
4617
4119
5946
5125
5658
5657
5146
5635
3621
3892
4620
3073
5555
4629
5184
4143
5653
4611
5340
5769
5851
5712
5127
5157
7951
5694
6656
7191
4548
5839
5764
5777
5674
6241
7169
7171
5493
5002
5439
5947
5087
5794
5434
5522
6228
5147
6144
4610
5139
4609
5642
5596
5692
5686
5378
5188
5659
5641
5398
5332
5281
5237
5717
5974
5196
5129
5334
4437
4108
5222
5124
5676
5955
5277
5168
5394
5464
5774
7952
5405
4466
4733
6379
6153
6672
6670
5804
5666
5345
5117
5371
5826
5907
4859
5849
5309
5134
5197
6544
7683
4232
5156
5130
5329
5317
5140
4882
5982
5883
5645
5893
5823
5683
5135
4777
5865
5887
5172
5735
5164
7031
6146
5950
4619
5187
6052
7168
6150
6677
7112
6675
7695
6667
6168
7691
6678
6053
6151
7690
6824
7681
6211
7178
5337
6658
6665
7117
6145
7175
7182
7244
7176
7699
7918
7747
7725
7245
6733
7686
6166
6433
7548
7965
6928
7938
7838
7776
7960
6385
6659
7696
7198
6710
6152
6171
7895
6752
7183
7200
7803
7258
7685
7507
7697
5995
6662
7964
7791
7688
7173
7091
7709
7805
7485
7616
6657
7216
6172
7693
6840
8078
7220
7309
7772
7739
7401
7295
7292
7195
7984
7533
7774
7703
7180
7611
7687
7584
7185
7680
7306
6663
7251
6924
7753
7217
7823
8038
5669
7300
5190
6855
7100
7820
7727
7281
7729
7228
7233
6414
6683
7227
