0
1
2
4
8
9
14
15
18
22
25
29
33
42
49
50
51
70
79
93
100
103
112
146
161
166
187
247
305
309
348
350
362
428
616
632
908
917
974
1000
1043
1078
1162
1200
1229
1343
1426
1525
1579
1589
1805
1816
1831
1884
1936
2005
2077
2079
2209
2210
2238
2430
2560
2990
3037
3040
3041
3059
3064
3078
3426
3437
3585
3652
3713
3890
3919
3959
3968
3976
3982
3984
3996
4023
4028
4076
4104
4106
4165
4196
4266
4283
4326
4331
4364
4365
4401
4440
4494
4708
4720
4817
4834
4844
4846
4869
5118
5177
5269
5285
5670
5690
5911
6001
6010
6011
6014
6019
6030
6037
6038
6068
6071
6104
6120
6142
6174
6193
6194
6203
6222
6314
6375
6415
6610
6756
6843
6907
6912
6967
6972
7001
7086
7128
7314
7353
7480
7531
7889
