0
126
330
396
412
462
487
566
572
594
595
598
607
609
616
617
626
692
732
762
792
793
795
851
1006
1020
1144
1227
1395
1437
1438
1439
1586
1884
1970
2117
2344
2997
3091
3313
3813
3825
4012
4050
4161
4280
4414
4572
4757
5319
5388
5390
5391
5393
5394
5396
5399
5404
5414
5420
5429
5449
5546
5655
5657
5662
5715
5717
5719
5749
5756
5819
5829
5913
5928
5952
5979
5980
5981
5983
5984
5990
5991
5992
5994
5998
6005
6014
6016
6023
6028
6034
6036
6086
6088
6089
6112
6146
6177
6183
6186
6206
6221
6240
6253
6275
6407
6414
6671
6756
6759
6845
6850
6862
6911
7107
7203
7316
7557
7652
7812
8091
8493
8602
8661
8789
8895
9205
9340
9446
9627
9891
9911
9973
9994
10146
10147
10389
10591
10679
10687
11025
11036
11077
11100
11156
11232
11242
11265
11290
11294
11305
11308
11380
11414
11425
11454
11463
11608
11629
11671
11763
11773
11947
12075
12080
12425
12535
12542
12699
12771
12802
12973
13045
13054
13194
14489
14572
15210
15259
15339
15444
15582
15607
15664
15932
15964
16272
16300
16361
16391
16401
16469
16560
16563
16623
16677
16698
16704
16721
16747
16758
16778
16830
16866
16885
16889
16891
16908
17049
17069
17119
17396
17842
17912
17971
18057
18175
18289
18509
18647
18726
18941
19868
20529
20778
21027
21244
21652
21679
21720
21828
21862
22030
22048
22068
22155
22182
22183
22264
22713
22972
23016
23200
23312
23629
24785
24853
25198
25689
26271
26504
26571
26894
26993
27068
27072
27077
27080
27088
27097
27102
27107
27117
27260
27321
27482
27520
27558
27568
27883
28489
28530
28778
28920
29673
29721
29835
30125
30541
31036
31167
31331
31346
31744
31914
32310
32427
32442
32446
32449
32456
32458
32468
32469
32470
32472
32476
32481
32484
32504
32508
32510
32516
32526
32575
32585
32596
32620
32711
32722
32747
32823
32866
32904
32960
32987
33002
33217
33351
33365
33381
33603
33800
34245
34321
34367
34454
34795
35315
35564
35739
35929
36228
36486
36784
36865
37049
37160
37451
37642
37745
37807
37897
38040
38069
38111
38134
38142
38224
38238
38428
39459
39908
40062
40064
40513
40582
40784
40809
40870
41100
41196
41331
41701
41731
41823
41898
42299
42303
42615
42616
42795
42904
42960
42973
42984
42994
43006
43013
43034
43157
43179
43186
43187
43222
43308
43343
43475
43481
43512
43541
43542
43679
43790
44275
44886
44889
44890
44893
44896
44898
44977
45630
45799
46988
47197
47209
47323
47373
47443
47472
47566
47820
47822
47858
47871
48100
48231
48335
48339
48345
48349
48359
48365
48366
48368
48373
48374
48381
48476
48574
48576
48601
48605
48677
48698
48700
49323
49329
49550
49615
49740
49847
49979
50949
51927
52066
52529
53190
53298
53405
53453
53557
53586
53588
53626
53719
53721
53775
53780
53784
53785
53804
53820
53839
53841
53851
53874
53877
53899
53966
54128
54132
54138
54146
54178
54180
54197
54217
54268
54627
54628
54637
54678
54736
55074
55215
55486
55521
55694
55770
55793
56394
56407
56820
56956
57015
57043
57107
57203
57264
57762
57889
57894
57949
57975
58111
58153
58422
21306
248
21407
234
37309
256
37287
28
26602
21324
26719
21411
207
21550
9
21579
258
15961
272
21653
132
5
26953
233
394
176
26869
26709
37597
37503
84
26741
280
26955
150
11013
239
10874
393
26756
269
313
37505
226
37600
37590
251
29085
1067
27128
1127
27179
1024
27160
27589
42978
1186
27126
1385
27159
1111
27115
27587
27123
27617
42965
27611
813
818
488
11228
838
485
11186
506
579
37679
43644
974
43806
890
11043
968
11091
828
43941
972
869
807
27996
509
2849
516
21716
476
542
511
11164
27164
43863
27084
399
27143
522
27031
532
21835
500
11223
37726
11216
584
530
909
589
538
43815
906
1263
27150
1187
40220
1389
29029
3133
28991
475
3782
37650
3207
37690
3210
846
28120
27241
1770
46707
1443
37889
1498
38009
1776
46592
1619
37921
1816
37992
1523
27364
1688
27357
1720
37967
650
39038
22158
597
27283
38892
27444
744
665
27425
669
11625
757
664
713
724
27398
705
27508
11495
775
22216
11466
27306
38707
21941
27573
27513
27195
21871
27285
11255
644
11372
712
27410
27566
38885
27242
719
22233
11570
635
27214
716
22071
740
38112
11244
43322
38196
11473
37873
11554
11550
689
11441
751
11312
27565
11253
27201
776
22177
11424
22247
723
44151
37998
28087
27372
28410
27390
4187
11313
4098
44070
37834
1859
27289
28235
28151
27562
38799
27358
1819
27389
27334
28032
37902
38747
22043
27244
16734
22023
727
11461
37940
37930
39040
27352
11596
668
28114
37974
28080
37993
38889
27501
38728
27522
39115
22179
4073
38768
22185
612
11523
763
16642
632
11497
27451
27269
11527
27581
38920
27343
39071
37923
38956
4057
22100
27472
27224
39013
27309
22004
787
553
37815
11070
27089
402
40275
565
2758
505
885
441
944
453
930
539
442
891
481
411
27162
477
889
37723
37630
410
474
862
21775
805
37724
45381
421
427
27052
27023
42963
27061
27063
926
21758
22388
3443
37379
2638
37326
2555
37304
2558
37408
2693
37410
2709
37427
2639
26626
2572
37401
2593
37393
2687
1169
11957
415
11667
3219
11658
3783
11909
38501
43896
38665
42908
38538
27597
1307
11812
1434
17254
42902
535
26757
590
42888
437
11712
42779
42767
3570
42762
426
11703
503
42765
38400
42832
38432
1185
526
42759
470
17195
1193
22451
1359
22292
1205
43755
1156
1081
22707
1356
38329
43658
1108
27946
38643
42910
418
11677
417
11706
11817
419
11752
42877
43635
1309
28010
22637
1399
43766
28225
46336
38992
29760
596
29798
27012
39006
27161
1464
40321
44417
40522
44262
40520
44322
40523
44325
22893
27145
38970
43074
39020
12508
1632
43144
38840
27074
38823
27071
38927
46216
38944
27003
38811
27142
39107
27151
38785
27073
39078
27101
38819
43061
38771
43011
38947
38845
27175
38994
27062
38882
42950
1750
1630
46731
28716
37960
28725
37838
28867
37947
28903
37895
28692
37861
28727
37876
28780
27374
28870
37848
28650
37839
28837
2057
37986
28627
43373
23360
43472
23388
43448
23193
1909
12882
2276
12557
2313
23254
2122
2095
1892
2112
2039
1996
23461
1965
23462
2005
23291
2021
12792
2194
2240
2100
2249
2160
2174
1953
2250
1993
2177
40003
1363
29705
38618
45602
38537
45607
38561
45567
38242
45569
38552
45608
38311
45609
38394
45574
38314
44936
38534
2862
18505
13286
27042
13577
27110
13309
29903
3090
18821
3088
18813
3096
29861
3089
23740
3099
45165
24757
29152
3094
3025
29494
3272
2801
3035
2794
3819
29456
3234
25037
3251
3600
28967
3588
25023
3579
28931
3604
39881
27767
39891
28012
39847
1149
29836
1057
29839
29830
1192
29782
1289
29829
1134
29776
45313
38589
30160
1429
30157
27972
30163
43610
30131
13568
13959
25074
24984
29034
2499
13287
2414
12969
44185
41211
44362
41212
44298
41213
44301
41214
44374
41209
44183
41776
44433
41777
44297
41779
44367
41775
44196
41781
25231
30862
30883
30947
21997
30717
11398
31073
22055
30757
11621
30625
722
31051
30575
11601
31138
30574
30477
30441
30619
620
30442
44306
41794
44083
30635
44397
31058
11367
21926
46795
4368
41189
4337
4435
4326
4457
4332
4136
4357
46470
4308
46531
4327
4439
4321
4460
4306
46525
4301
25603
41714
38923
46400
38965
46546
39051
46910
39096
46732
39010
46912
21902
4176
38199
14938
37963
14958
37981
4373
15185
4208
14887
4201
3857
4461
4376
4463
4379
4531
4231
3871
4173
4522
4183
3949
4415
3923
15466
47458
15559
47441
15537
47465
15557
47459
15457
47752
15917
47731
15687
47784
15684
47599
15929
47597
15919
47650
4680
21251
28514
21268
28516
21214
28628
21248
28599
21216
21163
28542
21242
28593
21186
28761
21215
28734
21238
42786
48051
6670
48007
6412
47920
6668
48011
6673
47963
6672
47891
6669
48020
6690
47929
6456
48040
6647
47903
6529
49124
49204
48889
49181
48997
5413
48905
5515
5424
5395
5430
5405
5408
5440
5447
5416
5392
5426
48947
48922
5407
5443
12048
5687
6400
5333
6589
5409
6717
49091
5682
48942
6708
49007
5492
49271
5412
49194
5489
5598
6533
5441
5403
5421
5379
6405
5541
5320
5448
5422
5423
49102
48882
49300
49018
5436
49118
49087
42718
6616
5402
5637
5389
5398
5434
49216
49151
5321
48902
5494
49255
5348
49229
49027
48901
49161
5387
49170
48919
5401
49210
49213
5573
5446
5450
48866
49075
42694
5415
5616
5609
49164
5520
5649
6614
5417
48941
5491
6463
5685
49076
5581
49108
49066
6574
5684
5656
5574
5658
5528
49285
5652
48913
5527
5653
5630
5686
5629
5683
5542
5650
6478
5665
49058
5693
5548
5661
48999
6329
49293
5557
6409
5688
6530
5690
6390
6347
5826
8138
8835
8160
8849
16490
9052
45177
48411
44971
48413
50484
8454
9071
7823
9065
8383
9036
7828
8833
50898
48356
45173
48390
45174
48360
45064
48441
45184
45196
48290
45220
8798
16430
8844
8582
48364
8606
50946
48324
5894
48327
48361
5801
5815
48276
48372
5751
16504
48409
5787
48286
5767
5758
50476
5824
8834
5875
48382
5832
48449
5897
50332
5912
48281
5782
5729
48408
5816
48399
5862
48318
48333
5716
5879
48396
50666
48392
48341
5728
48296
8653
50295
5850
48367
5827
48438
5911
48442
48363
48376
51546
48278
48397
5800
48340
5793
48280
5790
48334
5769
48352
51526
50370
48395
5855
48322
5903
5866
8866
5792
48433
5778
48379
5726
48338
5876
48305
5870
48380
52065
43358
52070
43517
52229
43519
52199
43344
52027
43415
52184
43380
48803
43426
48749
43408
52014
43418
52200
43345
6205
43400
48789
43214
48831
43229
6202
48485
6239
48497
6203
6100
6008
43491
48847
43211
48778
43177
48733
43230
6155
6180
6030
6064
6274
6026
48550
6115
5958
48765
6007
5940
48747
6158
6043
6273
48762
6071
48493
6284
6233
6010
6251
6021
48793
6033
48779
6236
48509
6214
48536
6197
48541
6006
6038
6208
48597
6194
48679
6258
48785
6102
6035
6212
51964
43283
48848
9276
48812
9564
48619
9441
48836
9311
48696
6044
48730
6257
48635
9555
6053
48614
48617
5963
6220
5999
6000
6288
6099
5921
6241
6092
6263
6046
6080
43200
6082
48625
6229
6140
6238
43294
6272
6130
5993
6199
6299
6001
43378
6075
48676
43498
43183
48739
48729
48641
6223
6051
6217
48821
6261
6215
6188
48638
48753
6090
6262
6189
6224
6002
6117
9603
6242
6219
6128
6120
6144
6025
6138
48499
48640
6041
48772
6264
48770
6087
48755
6085
48561
6252
48478
6077
48589
6101
48661
6148
48840
48627
43645
49132
43892
49121
43889
6718
6319
6666
6716
49296
7751
7660
7682
7651
50512
7689
7670
7667
48959
7674
5628
7662
5336
8300
13290
49163
13755
48876
14180
14194
48970
13718
49197
14193
48873
13754
5495
50782
5470
50784
48933
49734
6265
49681
9714
49705
5917
49333
49363
6029
49389
9725
49349
9706
49628
5954
49472
6174
49497
6196
44136
52436
44286
52122
44165
52090
44188
51989
44063
49421
49706
44145
44202
6867
44287
52134
15194
49423
9841
49559
9848
49633
9884
49371
9396
9887
49611
9886
49314
9382
49332
9860
49554
9394
6783
14774
6779
51940
6782
51943
6800
51932
6876
51937
6950
51935
6935
51951
6861
7094
51899
6880
51890
7058
48571
49594
14661
49730
49721
49353
11449
52142
52208
11615
49393
6169
49484
49714
5937
7330
53070
50168
52552
49793
52900
49853
52650
49889
52595
7248
53136
49859
52647
50162
53164
7267
53072
7633
53102
7214
7582
52640
49768
53103
49778
53156
49863
7307
7251
7325
50072
7326
49852
7565
49832
7311
49834
7235
7516
49927
7567
50110
7249
50004
7579
49815
7540
49868
7231
7227
50186
7609
50046
7349
7466
50036
7508
50035
50345
13952
9132
13449
51610
13101
51472
13275
51011
51012
6387
51005
6351
50960
6685
51271
6543
51315
6379
8148
44885
51207
43628
51202
6328
51196
6443
45355
6311
45356
6557
45315
6512
44884
6603
51212
43651
48425
8122
51456
43667
9122
8610
6487
51004
8639
8681
8930
51107
51098
7919
8760
8450
8683
7892
8989
8453
8982
8452
8088
51198
51205
8340
7784
51181
8243
51168
8531
50311
8431
50226
51211
7659
8679
5895
44918
48389
50982
48357
50987
7827
51294
8480
51304
50388
8717
50434
8532
48384
8937
9018
9053
50842
8893
48387
8734
50438
8618
51138
8298
8286
50997
51021
51056
51057
8354
51053
8073
51263
8075
51029
8082
9772
47093
6200
47082
6218
46996
6231
47121
6234
47115
6118
47120
6178
47118
6227
47077
9243
43368
9369
6204
46445
46442
46450
6191
46377
9600
46500
51764
52342
46637
51780
31100
51715
30522
51727
5967
30904
52016
30439
51946
30975
51934
30955
51973
30631
51923
51945
30745
52033
30733
30723
51981
30654
9353
52294
6294
52384
52286
9485
52357
9436
52356
52351
9480
52353
9511
52282
6305
52383
6134
52392
9981
52831
31432
53104
52923
47292
47825
10178
52667
52608
31451
10324
31458
10257
31503
53084
10566
10331
47210
53017
10559
53003
10097
9930
10317
47857
52788
47856
52776
9934
10452
9939
10084
9932
9903
52492
10075
9938
10463
52995
10034
47137
52985
10098
10505
10110
10541
10104
9985
52913
9993
10124
52977
53180
10545
52664
10581
10007
10081
52975
52675
47598
10314
47749
52762
31574
9918
53166
10117
10091
52983
10119
52495
10079
52488
10078
9952
10082
10232
47360
52821
47338
53094
47361
52834
47353
47345
53073
47317
52570
47351
52549
47326
53069
47329
52843
47325
52579
10173
52674
10129
52820
10177
52534
10179
10400
52895
52563
10132
53119
9898
10176
53051
10202
52454
47618
10466
47499
47591
10304
31555
52474
10092
52718
10121
10517
10102
10546
52976
10125
10968
21616
16194
37576
16311
16275
356
16209
189
16260
195
16310
16214
215
16322
110
16319
36
10702
37513
16182
16279
16231
16215
37441
16224
37443
16179
37462
16282
37564
16262
115
16243
10775
26989
16189
16249
26764
16164
152
16178
15969
16156
26615
16177
238
16343
26721
16160
26635
29468
17319
16518
13651
21794
13652
21769
13394
21851
27836
24209
27824
24231
22659
13889
22651
13173
16516
28005
16525
43942
16387
21742
6742
21860
6735
21820
22555
50683
22420
50589
17241
8283
22468
7746
18671
27822
16507
16954
29564
22301
29238
17355
588
17390
450
16462
22296
16363
24852
11074
22677
21684
43548
21790
11138
21858
43817
11147
43693
11191
43867
21815
16609
44356
16730
1741
16756
1528
16894
1590
16854
22788
25353
1522
25224
1575
25234
1821
25241
1524
16813
1616
11535
11437
16620
11624
16599
27250
16660
27448
11488
16688
27500
16631
11314
22117
11597
22031
11529
22144
22060
11439
11446
11579
21974
21984
11514
11330
16711
44268
16666
14479
11292
11293
16610
11505
22040
11342
11392
21947
16552
11329
28470
44157
16796
22824
17573
11295
16586
23006
16862
22802
16811
1853
16661
44120
16680
22987
17513
11491
21904
22033
22262
22238
16692
27443
17605
27541
17549
11350
16816
22775
17543
27433
22986
25236
23153
16643
44100
11518
17490
17662
21927
44359
44069
11361
21921
11317
22020
38824
21925
11492
27487
27551
17438
17821
27490
17628
27394
16748
16745
16703
44210
22168
11504
11478
27212
11401
11243
27342
44381
16611
44288
16584
44410
16630
13460
26949
13277
26867
13586
26925
13268
26856
13686
26870
13564
26963
13463
26984
13115
26922
13274
26972
13442
26671
42761
17324
42606
17376
42628
17251
13257
13499
43701
16080
16070
16046
43576
16137
43836
27844
17305
17020
16083
11932
22604
11994
17222
42864
17239
42848
17189
11630
17263
11691
17317
27904
11912
17272
37382
11676
11778
16962
42917
11809
11835
42938
17363
22336
11745
22658
11683
11841
17096
27661
11950
11728
11760
27856
27645
29337
17805
2900
17659
28952
17705
28933
17650
29009
17771
28947
17641
28941
17747
29023
17489
28948
17756
28979
17604
1706
18581
18664
17681
17745
17639
21693
17478
27118
12167
27122
12455
17419
21866
17690
37655
42980
12142
22991
27135
17696
27091
27010
22983
27095
23145
27155
22980
43020
42966
22827
43134
12101
15366
43162
15860
15321
15850
43434
15863
15323
43153
15842
27366
15291
43409
15297
47106
15832
47063
23363
43175
15258
43355
15898
43404
15894
46767
12669
23209
30732
23593
23469
43348
23420
30720
23491
31001
12925
43275
15675
43529
15899
43510
15912
15243
43487
15402
30805
15277
46882
15285
46904
15867
47114
15367
31095
12788
15415
43232
15404
43447
15272
43524
15904
43516
15905
43374
15397
43393
15391
43364
15892
43436
15370
43372
23606
12902
43353
12748
23203
43398
23323
43479
12956
2091
12725
43528
12954
12883
12609
12929
12690
12958
12595
12638
12766
13019
3271
13396
3249
11714
18484
11659
18514
11687
18521
11641
18498
11819
18522
12030
19459
11919
19470
11801
18833
3162
11965
19202
19196
6318
25039
6356
18950
11739
24322
11941
24217
11853
29435
29600
11822
14331
18944
11831
24229
12066
24202
22495
13883
13886
22531
29408
12995
11059
13071
11142
13360
3577
13334
13674
21841
42780
18642
42781
19049
42769
18645
42773
18640
42867
19414
42853
18649
42794
19432
42930
19040
42809
19418
14520
22714
17412
46933
17804
46930
17456
46934
17546
46985
17695
47010
17761
47123
17417
47068
17550
44400
25470
25488
51742
17579
51699
16564
51737
17630
4450
22717
17468
17584
4452
17408
3850
17461
15387
15708
15344
26517
12683
26526
12619
26588
12691
26491
12523
26555
12726
26579
12665
26564
12602
26485
12903
26516
15775
15702
15338
15717
15337
15657
15855
15658
15336
15416
15342
15688
15869
15776
15322
15714
12867
31460
12645
44578
12615
31853
12727
31848
12693
31775
12548
31724
12778
31197
12547
31202
12539
31741
12565
31755
12571
31658
12676
23237
31303
12620
26205
12662
25975
12756
31276
12712
26046
12747
31278
12839
25963
12709
25848
12941
25974
12851
31279
31372
17911
15628
15486
15614
15954
15597
15546
15591
15953
15589
15492
15622
15515
15583
15464
15616
15555
15608
15956
15665
31366
17918
31355
23331
26334
23325
26338
23406
31376
23322
26339
23495
26337
23296
31358
18151
31337
17884
31359
44445
12537
44796
12881
15605
15244
15573
15736
18159
15703
17980
15748
15595
15266
15729
15601
12644
15632
15282
28683
15516
4640
23458
15439
28874
15670
28552
15656
15913
15508
15719
15479
15454
15511
15955
26873
32984
16255
17056
10704
17104
10718
17002
10796
17097
10643
17077
10842
17113
10645
17116
10646
17044
10833
17107
48004
15998
48046
16055
47947
21555
47913
21528
48037
21327
47999
21292
47948
15974
47986
21308
48044
21379
47899
15957
10889
21420
16248
21531
21320
21277
16225
26987
16175
21284
21343
10809
16273
10807
16510
16404
43578
13829
43636
14347
16392
43905
16542
16535
16393
11206
16438
16418
7863
50636
7853
11121
50692
11180
8018
16538
8072
7907
11081
50679
16457
7915
11085
11136
11184
16849
16762
16757
16710
22184
22058
22152
16718
16720
22098
16853
16798
38083
16776
21970
22035
11241
38108
16852
27544
16883
21875
11389
38169
16562
38200
27572
16665
22090
16577
16775
22053
16863
11371
38018
17622
41799
16653
22197
16636
16691
37987
16829
16736
16754
11233
37925
16571
16717
27210
16604
19799
16921
16901
38212
16629
38037
37874
16799
37968
37829
16669
16856
11451
38214
11400
38206
11408
38096
16558
16860
38053
16806
38132
16714
16843
22211
16914
37900
19939
20169
27243
19898
27370
19785
27552
20057
23160
20034
11274
19884
19867
20278
25765
22112
38027
27246
16884
22204
19843
16941
21935
16801
16930
27253
16808
16788
38119
16835
38186
16923
16850
16561
38165
37903
37984
16785
16888
27223
20453
38058
20520
38154
20165
38016
20524
16607
41485
41488
20225
38168
19931
22172
20155
21874
22358
16948
22529
17175
17009
22642
17067
17073
17249
22552
17192
17312
17146
22334
17014
17190
22324
22636
22544
27763
17118
17172
11123
38347
11974
11643
38487
11768
38290
11798
38246
11936
17036
1095
16970
17003
28450
17575
38828
12089
11238
12258
22804
17477
23144
22791
28144
17725
28069
17606
17952
33847
15329
33886
15360
34025
33815
15388
33806
15381
33914
15368
33867
33993
33927
15377
39288
18073
23438
18243
23506
15539
17956
39144
23419
39224
23334
39539
23199
18190
23277
39335
23509
36817
17906
39234
34179
39486
23444
39396
23179
18187
39128
18174
39155
18148
23207
18127
23246
39453
18247
23470
18271
39415
18242
23490
39187
17924
39269
18153
23576
39315
17873
39196
17949
17966
39470
23333
39251
17841
39277
33814
15939
36776
39523
15659
15472
23364
15497
17897
15524
23284
15520
17953
39365
18154
39309
23404
13919
40964
13370
40966
13735
41045
13411
40943
13397
40778
40841
40676
13393
40886
13649
40882
13398
40633
29130
19477
30168
35530
30111
35539
45293
35219
30059
35238
45292
35547
44904
35018
45120
35185
45284
35174
30252
35013
39922
16531
40518
13225
40508
13239
40511
13528
40512
13232
40521
13541
40571
13226
40501
13223
40509
13535
40574
13215
19494
45472
35549
46120
35579
12223
35590
12176
35735
12373
35705
12271
35597
12383
35701
12458
35736
12386
35716
12302
18389
24200
19506
24210
19549
24213
19177
24336
19156
18412
18301
19018
19573
24265
18928
24959
18915
19553
25705
12966
41178
25207
41179
25221
41180
25213
41181
25270
41177
25286
41761
25306
41713
41593
41076
41711
41544
47868
21092
42097
21239
42084
42121
42119
42106
21193
42098
21219
42108
21241
42096
21230
42118
42271
42165
42211
20549
47541
20786
26262
21168
42063
21252
42067
41814
42143
41850
20557
47574
20558
47561
20727
41815
20802
20870
42251
20559
21073
21018
42365
21079
26573
20749
31427
20589
31422
20546
31412
20573
5032
20576
47457
20665
4921
20555
20649
31408
20626
11193
21746
19443
37819
37790
37682
16475
37639
16436
37687
12234
38581
43060
38583
27149
37798
42970
38251
21823
39782
21829
21701
37759
37777
37771
21803
37749
21774
37689
21793
37799
21782
37654
37730
21673
37664
21743
809
37638
37705
21718
37685
21712
22229
27511
27540
11557
38077
11279
37880
22132
37945
11349
22203
22074
623
39086
11564
38047
19817
16906
16926
41158
41157
41700
41725
25287
41255
41083
22008
41734
41382
41735
22194
41732
16625
41726
41660
38144
4039
23035
23156
22751
12327
28262
28384
1878
17528
23031
23005
28134
17553
1636
17649
28300
22765
28478
23070
38844
23045
39045
43024
22811
43041
23079
1450
22847
12224
22982
22742
38751
22881
43121
11258
2017
34128
1980
18182
2279
18269
2236
1886
38184
39473
16931
39542
16857
16876
39420
12808
39206
24161
39909
14148
39768
45516
19735
19415
29731
38415
12486
13539
12110
3341
19684
44923
19441
45396
19108
2432
35512
2596
35400
3253
35419
2625
35239
2570
35415
30014
34327
30138
34312
30275
34276
30316
34350
30267
41164
14659
41153
14613
41156
14847
41699
14624
14653
14654
41151
14672
41800
14662
41086
14673
41154
14710
25649
14508
41251
15034
41254
14499
41203
14513
41219
15050
41258
14509
14485
41200
15062
4319
20443
26259
26408
42099
20745
15536
39151
47859
39185
47860
39157
20572
39175
39395
20800
15533
39260
4635
20561
15798
20748
15790
20746
15740
20685
20634
15701
20855
15691
15386
20699
15414
20858
20696
31903
26470
31746
26524
44651
26476
44545
26592
31809
26520
42429
15264
21237
5297
21233
31543
42243
31469
21245
21650
220
254
104
11935
284
12023
68
11730
376
11711
114
11649
121
11657
42737
12275
46208
12354
27065
29678
27188
29889
29846
12451
45410
12197
27100
12160
27015
29679
27079
27109
27106
27075
27111
27060
42949
12205
27098
42987
27090
42992
27083
43036
42951
27076
27114
875
27120
27058
27059
43131
959
27121
43123
42989
12390
27016
27067
27183
981
27132
27119
12253
27112
43124
12332
12368
45057
12164
44976
27093
27574
37973
699
27469
43299
37888
27219
38021
27205
27460
27323
27280
22260
43333
27575
43496
22085
43163
43150
43405
43501
731
43381
27503
4362
43171
43168
4118
44418
44001
38198
44338
38085
44310
16865
44176
37991
39405
1990
31536
2156
5022
2109
44499
2166
5228
2041
31218
44873
2033
44807
12952
31912
12968
4830
2259
5158
12933
31866
2018
31768
1978
44673
2097
31595
31630
1955
31583
2211
31618
5144
2087
39541
39266
31668
44880
2193
31549
2253
31531
2000
31788
2219
31627
12896
31910
12862
31882
2111
28918
28539
2261
31883
2107
44799
28813
44436
28682
44756
28737
44681
28892
44520
28618
44497
28570
44479
45401
45540
23979
29841
46024
45406
45843
45399
46179
45385
30357
29848
30209
30300
45623
45866
45024
29785
46247
51096
2379
51023
39742
44917
39904
45613
39937
45625
39831
45129
39775
30213
29826
24037
14111
46346
3337
51143
3327
51166
2360
51177
2396
51175
2502
51210
39658
51188
39743
40145
40060
50950
25100
50977
46112
46202
46205
45671
13955
45676
14182
46261
46135
30697
41486
43169
41173
4503
12550
4502
12762
4035
4052
4044
4003
12931
4076
27319
9481
9449
9452
1890
9453
1908
41674
9291
41605
6068
41096
6098
41112
6040
41676
5927
47134
28533
47262
28854
47241
28503
47233
28669
47239
28845
47208
28771
47285
15341
47435
15332
47478
15865
26359
28859
15575
15571
44625
42116
44785
44585
31326
44595
42081
42103
44449
42087
44599
44706
47867
31256
15596
47863
42198
31250
42113
28795
15459
28891
42123
42436
47358
47312
44610
47330
47331
47359
44678
44718
47357
44620
47356
44512
32092
32042
32145
32139
32049
32134
32284
32121
32013
31958
32090
32122
32170
32299
32248
32084
32058
32077
32019
32297
34249
32478
32507
32455
34347
32494
34937
32480
32370
34908
32452
34271
32498
34911
32342
32444
32441
34834
32329
34920
32448
32506
32477
32451
32473
32475
32343
32391
32425
32490
32497
32499
32372
32341
32374
32375
32474
32411
32443
32318
32407
34929
32485
32491
32495
32457
32460
32348
32496
32454
32336
32467
32317
32440
32355
32353
32492
32324
32482
32399
32505
32409
32419
32461
32471
32488
32450
32453
32486
32459
32365
32463
32415
32501
32479
32416
32327
32493
32345
32316
32349
32653
32846
32641
32616
32652
32837
32569
32749
32680
32529
32570
32816
32542
32814
32838
32756
32721
32573
32871
32647
32541
32779
32522
32809
32760
32555
32697
32640
32739
32558
32901
32719
32795
32878
32728
32743
32734
32632
33685
33543
32845
33476
36273
33589
32780
33666
33694
32693
33691
32696
33571
32791
33752
33647
32899
32709
32586
32775
32729
32550
32587
32715
32576
32867
32595
32894
32559
32752
32630
32659
32584
32872
36134
36117
32638
36234
32566
36247
32531
36239
36183
32546
32710
32618
32822
32836
32512
32724
32530
32666
33723
36255
36002
32528
36287
36108
32509
36314
36318
33664
32732
36119
32662
36329
32636
32799
32851
32887
32521
32794
32759
32537
32599
32888
33048
33202
33018
33211
32926
33311
33267
33266
33201
33263
33265
33122
33346
33064
33136
33297
33061
33163
33116
33340
33103
33093
33193
33242
32942
33274
33067
33137
33222
33299
33041
33308
33295
32933
33091
32929
33271
33009
33051
33151
33318
32962
33053
33224
33319
32964
33247
33209
33253
33056
33223
33198
32956
32979
33068
32913
33197
33270
32951
33024
33134
33120
32994
33124
33279
33069
33348
33511
33773
33525
33587
33713
33433
33781
33776
33516
33503
33549
33768
33610
33445
33572
33490
33550
33794
33372
33530
33622
33642
33702
33500
33596
33790
33756
33546
33632
33734
33717
33396
33593
33537
33389
33645
33563
33617
33789
33371
33423
33699
33757
33434
33370
33748
33462
33518
33744
33698
33366
17910
18041
34171
18141
34071
17895
34114
18028
33894
17969
18047
17900
33860
35213
34787
34782
16956
34789
32404
22617
32395
24743
32311
24704
32418
24722
32368
24731
25097
34825
38454
34701
35695
34459
34261
34523
38609
34681
38446
35172
34491
35708
34660
35633
35424
34915
35266
38380
35356
34960
35477
34893
35483
34875
35467
34248
35468
34945
17279
34698
22310
34762
17359
34816
19176
34904
34647
25085
19207
34726
35473
34707
35478
34671
34676
35492
34691
35476
34697
35482
34690
34872
35222
34879
34737
34745
34531
34259
34680
34296
34613
35126
34683
35017
34684
34275
34709
35175
34696
34288
40212
34504
19294
34516
19289
34444
18432
18986
34811
18923
18925
34781
18904
34808
18998
18408
34860
19090
34369
34721
34711
18809
34741
18580
34767
34839
18869
34803
18890
34779
18552
34778
18499
34828
36384
36186
35748
36171
35945
36095
35973
36103
35951
36087
35988
36094
35942
36093
35947
36109
35944
36114
35850
36216
35878
17620
35751
16728
35755
16729
35785
16572
35745
16682
35757
36279
35826
17816
36385
16576
35756
16602
36289
36476
32517
35841
32519
35899
32532
32538
36415
32738
35916
36365
35943
32675
36358
36672
36534
36736
36794
36595
36833
36508
36789
36639
36748
36557
36782
36576
36826
36529
36820
36676
36818
36662
36786
36839
36972
36892
36895
36911
36965
36958
36894
36960
36626
36897
36600
36952
36745
37118
39259
37153
39298
37147
39460
37163
36863
18147
37144
39467
37154
39560
37201
39563
36931
26431
36678
36914
36705
36974
36683
36734
36925
36726
36946
36697
36954
36691
36945
36686
36973
36690
36924
37104
37005
36679
36966
18104
37143
36842
37206
36937
36700
37060
36753
37055
37089
36695
36979
36729
37616
130
16075
71
21575
37474
37545
37381
37334
21437
37538
26687
986
19434
826
23900
24773
39892
21846
38346
37741
38278
956
18680
957
877
37669
37770
39674
21756
414
37766
39583
12109
38553
24521
37667
23772
37816
39715
39767
37731
23732
22042
37951
38222
38087
41401
22140
38052
38121
38100
38107
37937
38210
16895
38045
38104
38219
38101
16932
25552
38122
38065
22162
38123
38082
37989
38055
38059
38124
38127
38066
38137
38044
22081
38193
38148
38042
22221
38166
38192
38064
27230
38158
16827
16832
22348
38661
34250
34284
1023
22389
37716
17094
27765
34991
34987
27965
34905
3340
34889
34927
1051
34933
27796
34935
1099
38402
37695
1191
24491
37652
22585
38590
43630
38551
24857
27858
44437
18056
44853
18054
44503
23208
26153
23307
26095
23198
26073
23257
26023
23225
26279
23450
26272
23390
25861
39669
39884
37774
23694
39911
24655
39832
39879
24674
39842
37693
39850
29192
24820
39974
38932
23698
39065
23717
39083
23716
39111
23631
19731
38995
23721
39108
23627
38848
23714
39050
39017
40185
38703
38684
24745
28181
24713
28039
1735
24364
23133
24363
1756
18530
1865
24358
22731
18507
1832
1731
24963
23038
18315
40859
41032
12312
41048
12154
40962
12427
41033
45951
40595
45647
40736
41054
40867
40963
43086
41029
41038
23083
18940
38713
19593
28332
19584
18909
18980
1856
41647
41517
25365
30907
41170
30901
41172
25327
41068
41580
25316
41785
25204
41791
25351
4278
41142
4261
41075
41108
41163
4215
41073
4272
41691
4258
41583
4259
41693
4268
41066
4213
38099
4340
16881
4336
19963
4315
19974
4320
4324
19798
4351
20015
4334
20073
20077
4318
41090
41704
25290
41798
41703
41611
41610
25289
25274
25282
41161
25278
25276
41475
41770
41769
41743
41210
41641
41727
41588
41728
41646
41279
41675
41310
41796
25935
42295
41952
42286
21267
41927
42385
41882
42367
41905
4883
42041
4662
20593
5132
20839
4973
20585
47461
41890
42037
41872
20718
31286
47816
26238
41829
26249
41817
42114
4578
20623
31236
21084
47847
47305
20539
47307
21195
47303
20820
47160
42011
47133
42019
47249
41932
47299
20660
47846
31709
42353
21247
42388
42324
42390
42237
42333
42754
26726
26811
26668
37398
26936
1152
5419
5455
5368
5353
37355
5437
1183
5380
1082
37278
5473
21618
43626
21587
43788
21501
43697
21551
43619
21553
43700
21599
12310
43056
12488
27140
27094
12287
27158
12415
43098
42959
27027
43099
43042
27057
12161
45980
44997
28367
44999
22834
27082
12408
12231
45724
29766
22895
27453
6156
22065
6295
27399
43421
43425
43412
9763
6289
27207
43303
43208
43376
43223
43490
43172
43237
43252
43446
43455
27546
6182
6104
27417
9746
27363
27527
46986
47116
6154
47067
6153
43273
43218
43527
43391
12622
43158
43536
43511
43407
43359
43410
43505
43493
43347
43346
43605
1306
27623
3717
11826
3002
43797
1253
43844
43802
27717
3165
1233
7989
1203
8216
1391
7789
1223
7822
1086
8041
7763
1145
13196
27989
44411
44354
44203
22975
6829
38724
6795
28190
6786
27485
6838
28175
6844
28361
6858
28209
6825
8446
29781
16365
7883
8495
7911
51194
7948
51170
7891
7890
8025
44934
44935
45577
45578
45584
29735
24008
24012
45524
44921
45530
45536
45543
44912
45555
45433
45435
44937
44938
44939
2823
29451
2798
44943
44944
44945
44946
44947
44948
2805
44894
44895
44897
45648
44899
30291
46229
3087
46322
29461
45837
29507
45815
29039
45774
29280
45787
29222
45790
29226
843
8794
939
8856
915
9047
964
8804
954
9046
831
5851
921
50396
989
50393
929
50939
50397
45893
46065
45825
46323
45777
45838
46055
46046
44905
40858
45005
41053
45000
45762
46109
45649
46169
45811
46237
46218
29593
45754
45926
45962
45651
45767
40848
44992
40931
27087
45814
43021
41049
46204
40851
4346
12734
4304
12710
12570
12553
15067
1931
15035
15083
2154
14480
2175
11544
47341
10303
9972
47844
9893
10296
47851
10172
47446
10212
42337
10279
42296
10280
42374
10282
42334
47154
10183
42362
10235
42432
10201
42396
10192
42363
10167
47387
10285
47374
47831
47344
10422
47370
10301
47327
10300
47842
47177
42530
47152
42543
42537
47232
42541
47180
42544
47255
31834
47201
42534
47273
31719
47189
42532
47423
31688
47281
42542
47288
31831
31726
47136
42527
47156
47211
31703
47221
31897
47164
42389
44490
47240
31267
47195
41920
47294
41884
47264
41869
47250
31238
47362
31227
31228
47414
31232
47368
47710
47185
4591
47193
41864
10067
10021
41849
47403
47404
31268
47401
47438
44659
47454
4605
47426
47667
20674
47378
31263
47398
41896
10017
47861
47636
21196
47553
4881
47601
4927
47540
5131
20775
42182
47821
31723
31753
42088
31188
42080
31749
42110
31653
42060
31836
42105
42073
31790
42075
42547
9944
9942
42133
42136
52739
26332
9948
31342
9940
52482
31380
10502
42093
52974
52932
9937
47786
47745
53010
42141
9910
48258
5354
48085
5338
48216
5357
48148
5458
48075
5383
48175
5697
48172
48072
5538
48084
5335
48070
5347
48254
47946
47942
48169
48027
48058
48111
48211
48263
48221
48238
48135
48107
48241
48145
48119
48265
48097
47961
48245
48031
48021
48090
48208
48014
48105
47959
48134
47924
48260
8467
51655
51454
8456
50877
8479
50363
8987
8992
8640
8645
8604
48388
48377
5835
48300
48336
5843
48307
5846
48279
5733
50921
48673
48533
7052
5926
6928
6059
7098
7034
6303
48665
6037
6805
5948
7032
6247
6056
48621
48502
7016
48795
6301
6266
48771
48791
6060
6937
6269
48671
6125
48712
48496
51911
49403
49622
49614
49394
49510
49320
6277
49563
6785
6767
6807
48740
48519
48808
48649
48490
48716
48818
48824
49341
49372
49505
49380
48830
49657
49670
49473
49369
49589
7033
51379
48467
51508
51800
51662
48675
51461
48683
51111
51874
51035
48667
51671
48773
51470
48715
51421
51854
51532
49383
49602
49691
49385
7150
49335
6963
49391
6841
6907
49325
6961
49671
49327
49557
49330
49478
6855
49334
49669
49541
7192
49504
6930
49742
49683
6790
49662
49673
49571
7258
7428
7366
49967
49958
7278
49780
7463
49776
49807
7347
49917
7295
50171
50119
7413
49957
7561
49841
7351
49805
49887
7319
49856
49975
7269
50032
7554
49824
49952
7581
49794
50181
49598
7672
49568
49587
49517
49640
49621
49425
7679
49532
7653
7666
52040
9512
9545
9533
9498
9543
6993
9450
6967
6840
9495
51771
51936
51732
51910
51729
51698
51929
51734
51730
51914
10585
10633
10095
52759
10437
52503
10440
52448
10027
53181
10219
53551
53419
53251
53444
53533
53366
53390
53256
53404
53357
53507
53210
53456
53583
53236
53513
53387
53563
53378
53389
53231
53351
53401
53577
53215
53239
53266
53307
53402
53296
53394
53311
53477
53585
53554
53275
53509
53417
53247
53223
53547
53292
53358
53370
53694
53635
53629
53669
53678
53754
53648
53695
53608
53773
53690
53641
53726
53734
53707
53619
53711
53674
53677
53720
53596
56756
53649
56752
53684
56754
53742
56751
53779
53681
53650
53708
53697
53666
53765
53712
53651
53660
53659
53692
53912
53869
53883
53972
53956
54096
53834
53900
54031
53943
53875
54102
53925
53819
54142
53791
53927
54157
53924
54035
53948
53915
54131
53797
55012
54072
54967
55037
54130
54943
54173
53942
55039
54105
54120
53897
54151
53960
54179
53952
53969
54017
53887
53981
54124
53982
53940
53831
54013
54091
53909
53795
54085
54041
54058
54066
53954
53893
53830
53862
53901
54101
54040
53821
53918
54175
53988
54021
53879
54028
54001
54129
53938
53911
53946
54170
53955
54169
53872
53944
54070
54150
53863
53970
53828
54074
53931
53905
54079
54036
53964
54158
53904
53939
53965
54073
54034
53945
54065
53906
53829
54030
54081
54121
54052
54018
53860
53995
53997
54094
54068
53941
54168
54107
53891
53792
54133
53957
54118
53951
54134
53917
53933
53975
53799
54139
54321
54226
54320
54225
54208
54235
54248
54339
54461
54347
54241
54222
54199
54393
54373
54227
54381
54626
54190
54349
54284
54234
54438
54458
54374
54484
54546
54605
54620
54194
54553
54550
54477
54465
54583
54485
54267
54612
54291
54258
54293
54361
54232
55008
54819
54922
54735
55062
54871
54873
54650
54709
54740
54824
54729
54896
54906
54822
54925
54768
54845
55071
54727
54916
54763
55004
54960
54702
55066
55009
54670
54999
54765
55038
54980
55006
54993
54962
54801
54901
54915
54904
54827
54641
54861
54957
54770
54674
54648
54738
54899
55070
54697
54646
55068
54828
54912
54879
55057
54782
54903
55497
57455
55519
57524
55128
57121
55394
57497
55511
57127
55398
57570
55126
57126
55501
57527
55510
57176
55489
57512
55277
57120
55461
55452
55375
55264
55168
55189
55222
55107
55428
55125
55332
55182
55302
55108
55412
55476
55431
55356
55419
55308
55358
55167
55226
55361
55217
55203
55086
55209
55111
55490
55276
55482
56240
56609
56092
56372
56033
56674
55738
56400
55681
56395
55682
56824
56047
56815
56225
56825
56019
56348
56026
56922
55529
55737
55839
55730
55555
56798
55543
55743
56734
55601
55704
55715
56010
56304
55840
55689
55833
56184
56310
56775
56303
56704
56903
56063
56714
55581
56276
56755
55942
56703
56780
56665
56277
56753
56672
56724
56679
55903
56969
56558
56830
56565
56831
56890
56826
56601
55947
56370
56505
56640
56735
56234
56403
55651
56590
56250
56673
55549
56892
55934
56886
55657
56901
56570
56392
56840
56401
56272
56300
56642
55528
56897
56828
56344
56663
56839
56675
56453
57646
57669
57303
57363
57305
57040
57291
57401
57321
57346
57638
57337
57302
57391
57293
57348
57312
57359
57316
57204
57678
57236
57597
57255
57589
57229
57599
57016
57254
57294
57250
57647
57582
57320
57586
57670
57115
57702
57111
57134
57353
57482
57707
57495
57725
57493
57410
57116
57712
57491
57751
57490
57093
57499
57456
57072
55363
57666
55160
57380
55088
57360
55098
57035
55110
57694
55433
57675
55362
57334
55258
57718
57376
57219
57723
57224
57760
57154
57169
57428
57575
57729
57239
57386
57430
57381
57253
57423
57880
58344
57914
58360
57904
58345
57925
58348
57893
58334
57928
58352
57912
58331
57933
58343
57939
58353
57968
58414
58406
58109
57844
58187
57787
58194
58489
58276
57885
57966
57848
58255
58478
58229
58396
58242
58503
58241
57863
58191
57832
58215
58500
57791
58232
58395
57873
58142
57886
58252
57835
58195
57817
58492
58253
58501
58236
58213
57986
57874
58021
57815
58000
58221
58172
58159
57992
57989
57995
57869
58006
58029
57790
58022
57948
58041
57902
58014
57926
58262
57987
58224
57972
58238
57998
58003
58128
58113
58060
58210
58219
58214
57984
58009
57991
58218
58275
58005
58010
58251
58018
58248
58049
57903
58121
57910
58035
58001
58204
58015
58265
58052
58258
58497
57930
58269
58273
58506
57773
57772
58328
57846
58391
58293
