0
126
330
396
412
462
487
566
572
594
595
598
607
609
616
617
626
692
732
762
792
793
795
851
1006
1020
1144
1227
1395
1437
1438
1439
1586
1884
1970
2117
2344
2997
3091
3313
3813
3825
4012
4050
4161
4280
4414
4572
4757
5319
5388
5390
5391
5393
5394
5396
5399
5404
5414
5420
5429
5449
5546
5655
5657
5662
5715
5717
5719
5749
5756
5819
5829
5913
5928
5952
5979
5980
5981
5983
5984
5990
5991
5992
5994
5998
6005
6014
6016
6023
6028
6034
6036
6086
6088
6089
6112
6146
6177
6183
6186
6206
6221
6240
6253
6275
6407
6414
6671
6756
6759
6845
6850
6862
6911
7107
7203
7316
7557
7652
7812
8091
8493
8602
8661
8789
8895
9205
9340
9446
9627
9891
9911
9973
9994
10146
10147
10389
10591
10679
10687
11025
11036
11077
11100
11156
11232
11242
11265
11290
11294
11305
11308
11380
11414
11425
11454
11463
11608
11629
11671
11763
11773
11947
12075
12080
12425
12535
12542
12699
12771
12802
12973
13045
13054
13194
14489
14572
15210
15259
15339
15444
15582
15607
15664
15932
15964
16272
16300
16361
16391
16401
16469
16560
16563
16623
16677
16698
16704
16721
16747
16758
16778
16830
16866
16885
16889
16891
16908
17049
17069
17119
17396
17842
17912
17971
18057
18175
18289
18509
18647
18726
18941
19868
20529
20778
21027
21244
21652
21679
21720
21828
21862
22030
22048
22068
22155
22182
22183
22264
22713
22972
23016
23200
23312
23629
24785
24853
25198
25689
26271
26504
26571
26894
26993
27068
27072
27077
27080
27088
27097
27102
27107
27117
27260
27321
27482
27520
27558
27568
27883
28489
28530
28778
28920
29673
29721
29835
30125
30541
31036
31167
31331
31346
31744
31914
32310
32427
32442
32446
32449
32456
32458
32468
32469
32470
32472
32476
32481
32484
32504
32508
32510
32516
32526
32575
32585
32596
32620
32711
32722
32747
32823
32866
32904
32960
32987
33002
33217
33351
33365
33381
33603
33800
34245
34321
34367
34454
34795
35315
35564
35739
35929
36228
36486
36784
36865
37049
37160
37451
37642
37745
37807
37897
38040
38069
38111
38134
38142
38224
38238
38428
39459
39908
40062
40064
40513
40582
40784
40809
40870
41100
41196
41331
41701
41731
41823
41898
42299
42303
42615
42616
42795
42904
42960
42973
42984
42994
43006
43013
43034
43157
43179
43186
43187
43222
43308
43343
43475
43481
43512
43541
43542
43679
43790
44275
44886
44889
44890
44893
44896
44898
44977
45630
45799
46988
47197
47209
47323
47373
47443
47472
47566
47820
47822
47858
47871
48100
48231
48335
48339
48345
48349
48359
48365
48366
48368
48373
48374
48381
48476
48574
48576
48601
48605
48677
48698
48700
49323
49329
49550
49615
49740
49847
49979
50949
51927
52066
52529
53190
53298
53405
53453
53557
53586
53588
53626
53719
53721
53775
53780
53784
53785
53804
53820
53839
53841
53851
53874
53877
53899
53966
54128
54132
54138
54146
54178
54180
54197
54217
54268
54627
54628
54637
54678
54736
55074
55215
55486
55521
55694
55770
55793
56394
56407
56820
56956
57015
57043
57107
57203
57264
57762
57889
57894
57949
57975
58111
58153
58422
