0
1
2
3
4
5
6
7
8
9
10
11
12
13
14
15
16
17
20
21
22
23
24
25
26
27
28
29
30
33
35
36
37
38
39
40
41
42
44
45
46
48
49
50
51
54
55
56
57
58
59
65
67
69
70
74
76
79
80
81
82
83
84
85
86
87
88
89
90
92
93
94
95
96
100
101
104
106
108
111
112
115
118
121
122
124
125
128
130
132
134
136
138
139
143
145
150
151
152
156
158
165
170
171
172
175
176
181
182
184
187
189
190
191
193
197
200
202
203
204
207
209
210
220
221
222
225
228
229
230
234
236
244
255
256
263
266
267
269
271
274
278
279
285
287
292
293
294
296
300
305
308
312
318
321
325
326
332
335
339
344
348
350
355
356
358
360
361
366
382
384
386
388
395
399
403
404
406
410
411
414
416
427
428
431
433
434
440
445
451
455
458
461
464
468
488
491
492
493
496
499
506
520
531
534
537
541
542
543
544
549
551
552
561
570
579
589
600
601
602
605
610
612
613
620
630
632
634
647
652
654
657
665
684
693
694
701
704
705
709
711
714
717
726
728
731
734
749
750
757
763
765
772
774
778
785
792
798
801
811
813
817
837
845
853
873
885
888
903
905
907
908
917
920
924
926
931
938
939
941
944
945
954
957
958
963
964
967
972
973
974
975
979
980
983
986
994
995
996
999
1000
1002
1006
1014
1025
1029
1030
1033
1037
1042
1043
1047
1050
1051
1052
1057
1058
1060
1064
1069
1071
1076
1090
1094
1095
1096
1100
1104
1109
1111
1118
1122
1123
1128
1131
1133
1141
1142
1156
1162
1164
1168
1171
1174
1176
1181
1192
1208
1209
1210
1215
1221
1225
1226
1229
1234
1238
1239
1243
1246
1251
1254
1269
1273
1278
1287
1288
1294
1296
1297
1299
1300
1310
1312
1315
1320
1337
1345
1349
1350
1353
1357
1359
1363
1367
1368
1370
1380
1382
1387
1390
1393
1396
1397
1401
1404
1411
1417
1431
1433
1445
1454
1465
1472
1474
1484
1511
1515
1519
1526
1531
1535
1539
1542
1545
1550
1554
1558
1565
1571
1573
1574
1579
1586
1600
1608
1618
1624
1628
1651
1657
1659
1668
1674
1684
1685
1686
1688
1695
1706
1709
1714
1718
1723
1731
1734
1735
1739
1752
1753
1757
1771
1773
1797
1800
1802
1805
1807
1808
1816
1823
1824
1825
1826
1830
1831
1835
1842
1844
1848
1850
1852
1854
1863
1865
1866
1871
1875
1884
1900
1911
1912
1913
1914
1918
1919
1920
1931
1951
1953
1957
1958
1962
1968
1982
1989
1990
1991
1993
1997
1998
2001
2022
2029
2030
2031
2032
2033
2039
2048
2054
2055
2064
2069
2070
2083
2100
2101
2104
2107
2108
2113
2121
2124
2128
2134
2135
2136
2138
2139
2143
2147
2148
2153
2154
2162
2163
2175
2176
2178
2182
2186
2187
2188
2194
2204
2207
2210
2219
2225
2226
2229
2230
2234
2235
2238
2242
2246
2249
2262
2265
2270
2276
2277
2279
2281
2285
2286
2300
2301
2304
2305
2306
2311
2314
2315
2316
2317
2321
2323
2327
2333
2335
2343
2344
2347
2352
2356
2371
2379
2385
2392
2400
2403
2406
2407
2417
2419
2423
2426
2428
2430
2439
2441
2450
2460
2466
2468
2470
2472
2474
2479
2494
2509
2512
2515
2525
2533
2534
2536
2540
2546
2549
2560
2561
2562
2571
2578
2580
2588
2592
2594
2596
2611
2624
2626
2627
2635
2643
2653
2667
2670
2671
2681
2683
2684
2696
2697
2703
2717
2722
2732
2733
2749
2757
2766
2768
2796
2797
2807
2810
2825
2833
2841
2851
2853
2858
2860
2862
2868
2877
2887
2890
2892
2898
2899
2901
2903
2911
2916
2923
2928
2935
2938
2945
2951
2959
2979
2990
3001
3002
3003
3004
3011
3013
3016
3018
3022
3023
3024
3032
3034
3039
3040
3041
3050
3052
3054
3056
3057
3058
3061
3064
3072
3073
3074
3075
3078
3082
3088
3093
3095
3097
3100
3103
3114
3116
3119
3127
3135
3138
3141
3143
3144
3147
3178
3179
3180
3190
3193
3200
3202
3208
3211
3219
3221
3222
3233
3240
3243
3245
3248
3253
3254
3256
3257
3262
3264
3266
3267
3269
3273
3274
3276
3287
3289
3293
3298
3301
3310
3312
3322
3323
3327
3340
3342
3350
3353
3355
3356
3360
3361
3362
3379
3385
3388
3393
3397
3412
3417
3419
3425
3426
3431
3437
3447
3452
3465
3467
3469
3473
3483
3485
3486
3500
3505
3511
3513
3514
3529
3538
3542
3551
3556
3565
3566
3572
3575
3580
3581
3592
3593
3594
3597
3598
3604
3607
3608
3615
3625
3626
3644
3654
3658
3661
3662
3666
3673
3678
3683
3695
3704
3712
3718
3719
3726
3734
3741
3750
3758
3769
3791
3801
3802
3808
3838
3845
3873
3890
3895
3901
3905
3906
3908
3912
3913
3916
3917
3919
3921
3926
3927
3929
3931
3934
3936
3938
3940
3941
3955
3956
3959
3960
3966
3967
3976
3982
3984
3986
3988
3990
3995
3996
3997
4001
4004
4008
4010
4014
4015
4023
4027
4028
4029
4030
4032
4034
4035
4041
4044
4049
4053
4055
4059
4063
4066
4071
4076
4077
4078
4079
4086
4088
4100
4104
4106
4110
4112
4117
4118
4119
4120
4128
4130
4135
4137
4143
4145
4149
4151
4153
4165
4170
4181
4188
4193
4194
4196
4200
4203
4205
4214
4216
4217
4221
4225
4232
4235
4236
4239
4243
4245
4246
4247
4250
4257
4258
4259
4270
4271
4275
4276
4283
4291
4294
4303
4307
4308
4309
4310
4317
4318
4326
4327
4329
4330
4331
4338
4340
4344
4348
4349
4357
4358
4360
4364
4368
4369
4374
4376
4377
4380
4394
4400
4403
4411
4419
4420
4429
4430
4440
4442
4449
4459
4461
4464
4467
4469
4471
4475
4482
4493
4494
4496
4498
4500
4514
4517
4519
4527
4533
4539
4548
4549
4573
4584
4593
4596
4597
4603
4610
4611
4622
4623
4628
4641
4655
4656
4663
4668
4673
4680
4691
4698
4699
4701
4704
4708
4715
4717
4725
4727
4728
4749
4750
4756
4761
4764
4772
4801
4802
4806
4812
4817
4820
4824
4826
4828
4831
4839
4841
4844
4846
4852
4858
4866
4868
4869
4871
4875
4880
4882
4884
4891
4899
4901
4903
4914
4918
4927
4930
4933
4934
4942
4945
4958
4961
4962
4963
4966
4967
4986
4996
4999
5002
5003
5007
5013
5015
5018
5021
5026
5032
5044
5051
5063
5070
5074
5087
5097
5107
5109
5117
5121
5132
5136
5137
5138
5140
5144
5150
5151
5152
5153
5154
5156
5157
5163
5168
5174
5175
5176
5177
5178
5179
5184
5198
5202
5207
5210
5213
5215
5216
5217
5230
5236
5242
5250
5258
5261
5264
5268
5269
5270
5273
5277
5282
5287
5289
5290
5292
5297
5299
5306
5345
5348
5352
5355
5361
5368
5376
5392
5393
5398
5399
5414
5432
5441
5443
5444
5447
5460
5466
5468
5480
5485
5497
5499
5519
5521
5530
5552
5554
5558
5574
5586
5601
5604
5606
5611
5615
5617
5618
5627
5639
5642
5645
5646
5651
5667
5705
5706
5707
5726
5729
5735
5738
5752
5755
5759
5764
5779
5782
5785
5789
5790
5803
5805
5810
5819
5825
5830
5848
5871
5874
5877
5892
5900
5905
5908
5911
5913
5914
5948
5967
5969
5971
5979
5984
5991
5992
5994
6000
6001
6002
6003
6004
6005
6006
6007
6008
6009
6010
6011
6012
6013
6014
6018
6019
6020
6021
6022
6023
6027
6029
6030
6031
6033
6036
6038
6039
6040
6041
6042
6046
6047
6048
6049
6050
6051
6053
6055
6056
6060
6061
6063
6068
6069
6071
6072
6073
6075
6076
6077
6080
6081
6082
6083
6085
6086
6088
6096
6103
6105
6110
6112
6113
6114
6118
6119
6120
6125
6128
6129
6131
6135
6136
6137
6139
6140
6142
6146
6147
6148
6149
6152
6155
6158
6159
6161
6165
6167
6170
6173
6174
6179
6180
6183
6184
6187
6188
6191
6194
6196
6205
6206
6214
6215
6216
6217
6218
6219
6223
6226
6227
6233
6235
6242
6250
6253
6257
6258
6261
6263
6265
6268
6275
6278
6279
6286
6289
6293
6294
6295
6304
6311
6314
6321
6322
6330
6331
6333
6335
6338
6341
6343
6352
6354
6355
6356
6357
6366
6369
6371
6372
6373
6375
6380
6395
6396
6397
6403
6404
6406
6407
6411
6415
6420
6421
6422
6424
6430
6434
6443
6446
6448
6453
6457
6466
6469
6483
6485
6492
6497
6500
6501
6508
6509
6513
6517
6518
6523
6526
6527
6531
6534
6537
6550
6558
6559
6574
6579
6580
6582
6588
6607
6609
6626
6628
6630
6633
6634
6639
6641
6648
6660
6663
6666
6668
6677
6687
6695
6698
6706
6707
6713
6723
6726
6736
6752
6757
6762
6765
6768
6772
6774
6775
6777
6781
6787
6799
6803
6820
6823
6824
6827
6831
6833
6849
6855
6865
6877
6884
6886
6899
6904
6910
6911
6912
6913
6914
6915
6921
6922
6927
6937
6938
6939
6940
6941
6942
6945
6955
6957
6964
6966
6967
6975
6988
6990
6991
6994
7001
7003
7004
7005
7008
7010
7011
7012
7016
7019
7022
7025
7026
7027
7031
7035
7039
7041
7049
7059
7062
7063
7065
7073
7083
7087
7089
7090
7092
7096
7098
7100
7101
7102
7104
7105
7107
7116
7123
7130
7131
7146
7163
7166
7167
7169
7171
7173
7188
7192
7195
7201
7202
7207
7214
7221
7224
7225
7226
7233
7235
7239
7241
7278
7281
7282
7283
7293
7298
7307
7313
7316
7339
7344
7348
7351
7353
7354
7355
7363
7367
7371
7372
7374
7388
7392
7395
7407
7411
7416
7419
7421
7423
7436
7437
7445
7448
7450
7455
7463
7468
7472
7475
7479
7480
7502
7505
7519
7532
7533
7547
7555
7579
7585
7589
7595
7610
7619
7620
7625
7629
7636
7639
7646
7688
7694
7695
7702
7710
7716
7719
7723
7724
7742
7756
7763
7765
7775
7781
7784
7785
7809
7810
7815
7816
7833
7843
7850
7858
7871
7894
7929
7951
7992
8007
8010
8017
8021
8049
8066
8069
8073
8075
8080
8099
1195
1072
129
733
123
144
149
306
1577
679
178
105
166
1625
2011
928
146
906
268
2061
253
743
1077
273
147
528
316
651
1180
235
686
422
453
955
137
702
1021
262
405
2005
1074
1112
689
1778
780
913
1165
110
442
2013
102
868
571
690
645
426
1767
532
195
1591
1089
1011
169
823
761
252
476
1513
688
1607
174
2047
1663
208
574
421
473
682
875
685
1260
894
1282
375
850
1936
849
264
319
478
1228
879
870
1711
359
1736
218
940
247
248
674
867
860
213
751
1093
703
373
1173
73
365
1040
762
833
466
563
1428
374
569
838
708
1242
1220
291
595
126
290
1015
142
1023
616
1010
1930
2067
1012
1206
396
720
646
981
746
342
1036
1610
890
826
827
573
390
713
1838
168
1670
1527
1603
513
465
522
2297
1710
747
1466
796
1891
62
545
1679
725
246
495
1536
413
201
680
420
614
760
1787
240
884
514
470
1614
698
642
1341
1082
2192
257
322
1332
740
1115
18
1163
389
1626
789
721
1018
471
1281
1004
1414
892
1846
2266
19
805
1741
1627
742
1548
1916
1194
1563
1327
1099
1801
810
921
1055
103
47
2092
1649
224
840
2017
562
490
489
1144
1157
1528
1840
889
909
2388
669
755
311
1405
1904
1544
2957
658
1653
1322
1538
1707
3427
948
1339
1075
1116
1408
2721
1743
3224
1978
2007
2602
649
2622
1159
977
2886
1499
2041
297
1906
3005
1934
2881
1392
397
1798
1701
1522
1975
1247
2613
1274
3747
1987
2994
2003
1005
1502
1590
2478
895
767
1241
1429
1775
918
2019
1204
1755
1640
2025
1178
1776
1818
2776
1473
1620
2307
1759
1820
2446
481
807
2843
1258
1980
991
1788
1330
3731
2708
1917
1418
1446
1491
2809
1378
2339
1110
1969
1146
1768
1375
1403
2035
1158
1272
1475
4061
2324
1121
2980
2471
1569
1438
1738
1622
1381
2381
1379
243
1988
2986
1983
1673
1441
887
1851
1481
2991
1432
1770
2119
1024
1549
730
1203
1621
2925
1305
1126
930
2290
1570
1516
1799
2795
1498
1677
216
3998
2057
1458
2826
1451
1456
1085
1510
3499
1492
2788
1559
2060
2485
1313
1872
2541
1631
1870
599
1259
1276
1130
1981
1469
1562
379
2053
3495
2463
3636
2519
2095
2443
2365
1198
1248
3123
2236
3238
2983
2127
2169
3527
3752
2625
2526
2166
2340
3396
2120
1925
2553
2840
3000
1135
1249
3923
2012
98
2511
2302
2102
2587
2593
443
1786
1540
2981
2821
1656
2880
2160
3157
1488
2835
3880
2350
2604
2346
1960
2397
2836
2322
3083
2251
2975
3973
2498
3744
2888
3451
1889
4197
2804
2399
4073
2174
2221
2275
2455
2395
3822
3184
2199
2806
2208
3156
3071
2165
2933
3602
4185
2600
2155
4424
2283
2750
2253
2738
1395
4161
2867
3047
3223
2773
2753
3591
3317
2565
2861
2467
2805
1691
3055
3740
4018
1505
3847
2382
2936
3464
2465
4230
1812
2830
2879
2918
2964
2614
3767
3403
4093
3729
3516
2320
3770
2123
3772
1435
2274
2000
2875
1439
3343
2674
3381
4124
1942
4456
3228
3648
3441
1343
3357
2164
3033
3567
2369
2492
2607
3304
2563
3493
4089
2405
4057
3036
3051
3129
3336
2570
1804
3377
3872
1877
3115
3835
2673
2416
3863
3942
3477
3860
3834
3489
2889
3885
3619
3733
2694
2372
3981
3877
3460
2482
2707
2581
3031
3882
4051
3899
3815
2567
2649
2669
3030
2464
2268
2359
2774
2396
4147
4791
3553
3649
3954
3404
3068
3686
3928
2854
2111
2686
3805
4795
3664
5189
4928
2255
3978
3715
3418
3876
3794
3974
3234
3168
3220
4457
4767
4150
3488
3351
3852
3528
4067
3316
3732
3751
3237
4659
4040
3642
3290
3444
3509
4530
4631
4510
3012
4410
3352
3946
3883
2650
2049
3372
5012
3539
3205
3411
3096
4788
3440
3531
5427
2644
1803
4362
3470
3903
3868
2946
3573
3492
3617
3848
3668
4249
3258
3613
2784
3748
3735
4974
5077
3858
3124
2272
3985
4837
3227
3079
4994
3091
3359
4948
3338
3939
4835
3348
3896
3354
3991
4778
3760
3244
2904
4384
3606
5518
2184
2606
3334
4417
3108
4651
3952
3333
4356
3971
2760
3166
2224
4759
5400
4648
3265
2870
3510
4183
4048
2077
3737
3764
3932
3856
4432
4024
5040
4619
4072
3261
3271
3242
3825
4373
3037
4166
4386
5076
4427
4916
4763
4543
4878
5146
3195
4773
4687
4758
4762
4729
4453
3964
4215
3194
4612
4483
4913
5435
5096
4897
4295
5509
5563
3490
4399
4594
4813
5512
4492
4617
4755
3176
4388
5869
4740
5660
5363
4853
4690
3864
3853
4689
4354
4413
4470
2027
5824
4809
5048
4396
5506
4990
4910
5585
6645
5927
4883
5011
4322
5730
4559
5091
3902
4609
4919
4936
5827
4633
4094
4989
4856
5776
5384
5702
5231
5357
4192
4742
5196
5411
5155
5127
4639
4439
5763
5111
4695
5130
4599
3962
5080
5330
5320
4323
5433
5958
4227
3909
4743
4558
4240
5608
5666
5386
4834
4497
5371
4391
4538
4730
3980
4978
4582
4287
4898
4592
5513
4474
5001
5332
4814
5262
4065
3399
4601
4390
5934
5861
4544
5025
5128
5281
5508
4552
5105
5648
5628
4818
4075
4367
5806
4993
6447
4284
5353
4810
4102
5135
5868
5173
4392
5523
5055
3987
4351
4477
5680
5161
6016
4489
5906
4272
5188
4290
5120
5278
3911
4981
4988
4920
6229
4662
4616
5753
4447
4863
4566
4911
4683
4562
5350
4162
4893
5369
4569
5681
4210
3270
4774
5123
4334
6709
5742
5661
5149
4629
5221
5342
5222
5544
4754
5314
5939
5741
4296
5416
4968
4398
5589
5937
4576
5571
5360
5721
5860
6700
5075
5515
4979
6573
5296
5918
5092
5522
5620
5978
5903
4313
5478
4324
5652
5716
4312
4571
5749
5190
5682
5683
5145
5855
5066
5099
5252
3907
3874
5006
5678
5663
5836
5472
5126
5401
5598
5748
5655
5192
5750
5788
5359
5982
5463
5340
5534
5249
5862
5311
5407
5917
5796
5938
5633
5732
5942
2937
6986
4944
5740
5494
5280
5450
5159
5699
4845
5542
5336
4335
5687
5241
5347
5402
5812
6392
7148
5434
5664
5410
5548
5052
5490
5955
4231
4595
7082
7517
4888
5209
5308
5811
5677
5284
5060
4722
5041
5780
5851
6802
5312
5372
5302
5547
5804
5582
5098
5758
4319
8006
5793
5778
5253
5607
5067
5387
5684
5035
5946
5329
5853
5575
5833
5947
6115
5808
5970
5599
5605
5391
5304
4575
5181
5517
5673
4164
5272
5194
5588
5842
5334
5326
5500
5936
5219
5514
5553
5451
5133
4274
5960
6344
6533
7199
6157
6153
6842
6213
8027
6556
6251
6954
6853
7159
7567
7072
7294
6728
7279
8032
6993
6795
7580
7989
6654
6488
6894
6433
7051
8009
6102
6037
6070
8050
6104
7766
6067
6711
6094
6429
7504
6349
7500
7232
7326
6619
6614
6305
6364
7521
8108
6885
7149
6551
6028
6122
7209
5208
6240
6249
6138
6095
6327
7764
7952
6312
6334
7433
6981
7187
7508
6445
6185
7725
6475
7309
6383
7660
6883
6510
6208
6783
6712
7155
7213
6951
6141
6243
6832
6127
6254
5461
6273
7158
6440
7730
6231
8046
7304
6688
8058
7457
7890
7464
6272
6144
7345
6428
6260
5831
6052
6720
7993
6532
6789
6478
7427
6856
7860
8089
7501
6414
5709
6463
8060
6332
6878
6801
6512
7108
6907
5850
7053
7987
6528
6961
6815
7774
6487
5483
7119
6057
7117
6769
8056
6064
6797
7564
7489
7604
6792
7662
6473
6686
7469
6427
6748
7352
7558
6650
7875
6680
6498
6785
6465
6277
6773
6880
6362
7751
6255
7263
6719
7439
6536
7935
6044
7189
7274
6426
7603
7135
6281
7563
6451
6178
6034
7657
6690
6871
6108
6292
6339
6671
7961
6669
8019
6679
7368
6024
7215
7070
8022
6632
6738
6839
6143
7566
7014
7542
7007
6337
6670
7618
6221
6298
6538
8070
6587
6552
6725
6458
7685
6747
7132
8000
7805
6132
6495
7847
7487
6017
7360
7510
7030
7600
7483
7600
7401
6166
7236
7099
7892
6522
7953
7271
7329
6949
8122
7721
7605
7265
7780
6766
7853
7337
6984
6970
7779
7717
7907
7872
7820
8103
6960
7649
8014
7972
7184
7260
7960
7481
7985
7526
7758
7924
7358
7699
7690
6062
7705
6928
7422
7172
7212
8029
8043
7789
7444
7981
7727
8114
7447
6604
7773
5864
8038
6932
7296
7289
7801
6455
7386
8078
7438
7537
7741
7441
7449
7292
6561
7974
7658
6317
7461
7391
7729
7922
7937
7064
8013
8091
6699
6901
7679
5227
6417
7623
7084
7856
7328
7739
7587
7534
7332
7977
6947
7641
7803
7317
7653
7770
7675
7228
8096
7507
6744
8026
7350
7499
7910
6983
7884
7687
7776
8001
7931
7971
7791
7668
7571
7976
7055
6806
7891
7684
6934
7054
7663
7911
7366
6560
8035
7140
7930
7229
8110
7520
7728
8028
8012
7143
8098
8036
7777
7462
7560
7133
6998
7659
7038
7811
7319
6244
7052
6222
7807
7246
7139
