1195
1072
129
733
123
144
149
306
1577
679
178
105
166
1625
2011
928
146
906
268
2061
253
743
1077
273
147
528
316
651
1180
235
686
422
453
955
137
702
1021
262
405
2005
1074
1112
689
1778
780
913
1165
110
442
2013
102
868
571
690
645
426
1767
532
195
1591
1089
1011
169
823
761
252
476
1513
688
1607
174
2047
1663
208
574
421
473
682
875
685
1260
894
1282
375
850
1936
849
264
319
478
1228
879
870
1711
359
1736
218
940
247
248
674
867
860
213
751
1093
703
373
1173
73
365
1040
762
833
466
563
1428
374
569
838
708
1242
1220
291
595
126
290
1015
142
1023
616
1010
1930
2067
1012
1206
396
720
646
981
746
342
1036
1610
890
826
827
573
390
713
1838
168
1670
1527
1603
513
465
522
2297
1710
747
1466
796
1891
62
545
1679
725
246
495
1536
413
201
680
420
614
760
1787
240
884
514
470
1614
698
642
1341
1082
2192
257
322
1332
740
1115
18
1163
389
1626
789
721
1018
471
1281
1004
1414
892
1846
2266
19
805
1741
1627
742
1548
1916
1194
1563
1327
1099
1801
810
921
1055
103
47
2092
1649
224
840
2017
562
490
489
1144
1157
1528
1840
889
909
2388
669
755
311
1405
1904
1544
2957
658
1653
1322
1538
1707
3427
948
1339
1075
1116
1408
2721
1743
3224
1978
2007
2602
649
2622
1159
977
2886
1499
2041
297
1906
3005
1934
2881
1392
397
1798
1701
1522
1975
1247
2613
1274
3747
1987
2994
2003
1005
1502
1590
2478
895
767
1241
1429
1775
918
2019
1204
1755
1640
2025
1178
1776
1818
2776
1473
1620
2307
1759
1820
2446
481
807
2843
1258
1980
991
1788
1330
3731
2708
1917
1418
1446
1491
2809
1378
2339
1110
1969
1146
1768
1375
1403
2035
1158
1272
1475
4061
2324
1121
2980
2471
1569
1438
1738
1622
1381
2381
1379
243
1988
2986
1983
1673
1441
887
1851
1481
2991
1432
1770
2119
1024
1549
730
1203
1621
2925
1305
1126
930
2290
1570
1516
1799
2795
1498
1677
216
3998
2057
1458
2826
1451
1456
1085
1510
3499
1492
2788
1559
2060
2485
1313
1872
2541
1631
1870
599
1259
1276
1130
1981
1469
1562
379
2053
3495
2463
3636
2519
2095
2443
2365
1198
1248
3123
2236
3238
2983
2127
2169
3527
3752
2625
2526
2166
2340
3396
2120
1925
2553
2840
3000
1135
1249
3923
2012
98
2511
2302
2102
2587
2593
443
1786
1540
2981
2821
1656
2880
2160
3157
1488
2835
3880
2350
2604
2346
1960
2397
2836
2322
3083
2251
2975
3973
2498
3744
2888
3451
1889
4197
2804
2399
4073
2174
2221
2275
2455
2395
3822
3184
2199
2806
2208
3156
3071
2165
2933
3602
4185
2600
2155
4424
2283
2750
2253
2738
1395
4161
2867
3047
3223
2773
2753
3591
3317
2565
2861
2467
2805
1691
3055
3740
4018
1505
3847
2382
2936
3464
2465
4230
1812
2830
2879
2918
2964
2614
3767
3403
4093
3729
3516
2320
3770
2123
3772
1435
2274
2000
2875
1439
3343
2674
3381
4124
1942
4456
3228
3648
3441
1343
3357
2164
3033
3567
2369
2492
2607
3304
2563
3493
4089
2405
4057
3036
3051
3129
3336
2570
1804
3377
3872
1877
3115
3835
2673
2416
3863
3942
3477
3860
3834
3489
2889
3885
3619
3733
2694
2372
3981
3877
3460
2482
2707
2581
3031
3882
4051
3899
3815
2567
2649
2669
3030
2464
2268
2359
2774
2396
4147
4791
3553
3649
3954
3404
3068
3686
3928
2854
2111
2686
3805
4795
3664
5189
4928
2255
3978
3715
3418
3876
3794
3974
3234
3168
3220
4457
4767
4150
3488
3351
3852
3528
4067
3316
3732
3751
3237
4659
4040
3642
3290
3444
3509
4530
4631
4510
3012
4410
3352
3946
3883
2650
2049
3372
5012
3539
3205
3411
3096
4788
3440
3531
5427
2644
1803
4362
3470
3903
3868
2946
3573
3492
3617
3848
3668
4249
3258
3613
2784
3748
3735
4974
5077
3858
3124
2272
3985
4837
3227
3079
4994
3091
3359
4948
3338
3939
4835
3348
3896
3354
3991
4778
3760
3244
2904
4384
3606
5518
2184
2606
3334
4417
3108
4651
3952
3333
4356
3971
2760
3166
2224
4759
5400
4648
3265
2870
3510
4183
4048
2077
3737
3764
3932
3856
4432
4024
5040
4619
4072
3261
3271
3242
3825
4373
3037
4166
4386
5076
4427
4916
4763
4543
4878
5146
3195
4773
4687
4758
4762
4729
4453
3964
4215
3194
4612
4483
4913
5435
5096
4897
4295
5509
5563
3490
4399
4594
4813
5512
4492
4617
4755
3176
4388
5869
4740
5660
5363
4853
4690
3864
3853
4689
4354
4413
4470
2027
5824
4809
5048
4396
5506
4990
4910
5585
6645
5927
4883
5011
4322
5730
4559
5091
3902
4609
4919
4936
5827
4633
4094
4989
4856
5776
5384
5702
5231
5357
4192
4742
5196
5411
5155
5127
4639
4439
5763
5111
4695
5130
4599
3962
5080
5330
5320
4323
5433
5958
4227
3909
4743
4558
4240
5608
5666
5386
4834
4497
5371
4391
4538
4730
3980
4978
4582
4287
4898
4592
5513
4474
5001
5332
4814
5262
4065
3399
4601
4390
5934
5861
4544
5025
5128
5281
5508
4552
5105
5648
5628
4818
4075
4367
5806
4993
6447
4284
5353
4810
4102
5135
5868
5173
4392
5523
5055
3987
4351
4477
5680
5161
6016
4489
5906
4272
5188
4290
5120
5278
3911
4981
4988
4920
6229
4662
4616
5753
4447
4863
4566
4911
4683
4562
5350
4162
4893
5369
4569
5681
4210
3270
4774
5123
4334
6709
5742
5661
5149
4629
5221
5342
5222
5544
4754
5314
5939
5741
4296
5416
4968
4398
5589
5937
4576
5571
5360
5721
5860
6700
5075
5515
4979
6573
5296
5918
5092
5522
5620
5978
5903
4313
5478
4324
5652
5716
4312
4571
5749
5190
5682
5683
5145
5855
5066
5099
5252
3907
3874
5006
5678
5663
5836
5472
5126
5401
5598
5748
5655
5192
5750
5788
5359
5982
5463
5340
5534
5249
5862
5311
5407
5917
5796
5938
5633
5732
5942
2937
6986
4944
5740
5494
5280
5450
5159
5699
4845
5542
5336
4335
5687
5241
5347
5402
5812
6392
7148
5434
5664
5410
5548
5052
5490
5955
4231
4595
7082
7517
4888
5209
5308
5811
5677
5284
5060
4722
5041
5780
5851
6802
5312
5372
5302
5547
5804
5582
5098
5758
4319
8006
5793
5778
5253
5607
5067
5387
5684
5035
5946
5329
5853
5575
5833
5947
6115
5808
5970
5599
5605
5391
5304
4575
5181
5517
5673
4164
5272
5194
5588
5842
5334
5326
5500
5936
5219
5514
5553
5451
5133
4274
5960
6344
6533
7199
6157
6153
6842
6213
8027
6556
6251
6954
6853
7159
7567
7072
7294
6728
7279
8032
6993
6795
7580
7989
6654
6488
6894
6433
7051
8009
6102
6037
6070
8050
6104
7766
6067
6711
6094
6429
7504
6349
7500
7232
7326
6619
6614
6305
6364
7521
8108
6885
7149
6551
6028
6122
7209
5208
6240
6249
6138
6095
6327
7764
7952
6312
6334
7433
6981
7187
7508
6445
6185
7725
6475
7309
6383
7660
6883
6510
6208
6783
6712
7155
7213
6951
6141
6243
6832
6127
6254
5461
6273
7158
6440
7730
6231
8046
7304
6688
8058
7457
7890
7464
6272
6144
7345
6428
6260
5831
6052
6720
7993
6532
6789
6478
7427
6856
7860
8089
7501
6414
5709
6463
8060
6332
6878
6801
6512
7108
6907
5850
7053
7987
6528
6961
6815
7774
6487
5483
7119
6057
7117
6769
8056
6064
6797
7564
7489
7604
6792
7662
6473
6686
7469
6427
6748
7352
7558
6650
7875
6680
6498
6785
6465
6277
6773
6880
6362
7751
6255
7263
6719
7439
6536
7935
6044
7189
7274
6426
7603
7135
6281
7563
6451
6178
6034
7657
6690
6871
6108
6292
6339
6671
7961
6669
8019
6679
7368
6024
7215
7070
8022
6632
6738
6839
6143
7566
7014
7542
7007
6337
6670
7618
6221
6298
6538
8070
6587
6552
6725
6458
7685
6747
7132
8000
7805
6132
6495
7847
7487
6017
7360
7510
7030
7600
7483
7600
7401
6166
7236
7099
7892
6522
7953
7271
7329
6949
8122
7721
7605
7265
7780
6766
7853
7337
6984
6970
7779
7717
7907
7872
7820
8103
6960
7649
8014
7972
7184
7260
7960
7481
7985
7526
7758
7924
7358
7699
7690
6062
7705
6928
7422
7172
7212
8029
8043
7789
7444
7981
7727
8114
7447
6604
7773
5864
8038
6932
7296
7289
7801
6455
7386
8078
7438
7537
7741
7441
7449
7292
6561
7974
7658
6317
7461
7391
7729
7922
7937
7064
8013
8091
6699
6901
7679
5227
6417
7623
7084
7856
7328
7739
7587
7534
7332
7977
6947
7641
7803
7317
7653
7770
7675
7228
8096
7507
6744
8026
7350
7499
7910
6983
7884
7687
7776
8001
7931
7971
7791
7668
7571
7976
7055
6806
7891
7684
6934
7054
7663
7911
7366
6560
8035
7140
7930
7229
8110
7520
7728
8028
8012
7143
8098
8036
7777
7462
7560
7133
6998
7659
7038
7811
7319
6244
7052
6222
7807
7246
7139
