19
500
1680
1530
1295
1662
679
64
565
822
889
323
525
315
960
928
656
1195
268
1099
546
477
955
1077
681
1717
376
212
295
1180
72
830
950
343
160
857
789
675
389
745
1036
412
1074
155
661
1778
127
126
877
1483
469
338
353
680
607
1324
280
195
1147
833
690
66
761
866
349
1513
1528
2099
408
1114
937
328
188
1769
71
852
557
246
1375
307
1521
446
192
1936
849
264
319
484
826
909
621
870
297
498
1255
218
940
646
248
674
867
860
673
604
401
1041
459
969
302
316
502
1134
1862
1428
322
580
590
1220
691
402
524
819
729
223
1564
510
247
616
183
1748
2067
623
1377
194
301
783
272
625
540
1645
2821
238
622
490
582
758
2847
832
237
1013
1603
60
465
1389
1794
1023
1348
168
141
419
1039
820
916
874
1870
1166
649
1165
1867
2005
457
553
443
1079
1326
1908
1751
744
1173
501
764
1614
802
642
1258
1021
1034
257
650
1378
707
1379
742
1206
1201
727
1163
682
897
385
685
1424
677
1504
800
507
1289
1765
970
1448
775
211
1548
330
517
2929
1449
1516
1193
791
286
1314
1588
871
390
304
840
2017
562
718
1890
1235
273
1660
577
1972
317
205
519
1501
2112
1212
422
515
1642
539
442
2093
1604
1809
1429
2802
1217
1007
1097
2084
1153
2079
563
1343
1633
1341
2532
1507
1329
1136
2041
2011
2600
1536
1621
2312
1386
1105
1400
1150
198
1207
2118
1203
2237
1272
1011
3476
2297
831
2387
2181
1444
2918
2458
2058
1398
1716
1070
2478
1540
476
934
1661
2501
1605
925
1887
1755
992
2896
1494
1101
1158
1469
3083
1268
1678
2941
586
1199
2548
1903
1980
1354
2009
535
1847
2691
1635
606
1420
1846
1303
1959
2678
1414
1598
1637
2764
914
1140
1407
2094
2049
3376
1157
2493
2812
1480
1492
1497
723
2663
1223
2547
3275
797
2881
1481
1653
1622
1639
733
2241
1787
2090
1102
413
1711
2962
1308
732
1738
1892
2386
1570
1304
2278
1129
2043
310
1754
2421
1973
1391
2025
1777
1456
1793
1510
2636
1727
1347
1967
1403
1249
1376
2245
1631
2060
1259
1549
2375
1710
379
1067
3766
3763
2404
2751
2362
2443
2542
1198
1083
2222
2432
3238
2930
2499
2516
3923
3214
2625
2824
2072
2822
2555
3857
2873
2674
4176
2840
3157
1330
1291
3136
2105
340
2913
3624
2511
2294
1979
2394
703
1546
1261
2336
2645
672
1726
1924
2057
2719
1496
2907
3688
2615
4161
1282
2597
3672
2836
2762
2969
2739
1833
3413
3236
2861
3199
2744
3722
2572
2453
1130
4799
2582
2481
2894
4124
2395
3864
3380
2442
2402
2946
3407
2251
2482
2254
3555
2716
3518
3406
2743
3461
4185
3866
3759
2793
3643
2253
2839
2559
3282
2714
1737
3875
2389
3317
3757
2565
2476
4480
3133
2965
2171
2106
3391
2545
3922
2661
2269
4046
3079
1812
3330
3800
3850
2939
2886
2514
4779
2380
3573
3185
3308
2783
2231
2680
1896
3886
2003
3263
1591
2775
3321
3381
3149
2870
3027
2971
3889
3148
2409
3914
3337
2332
2698
3102
2554
2218
2620
3774
4659
2652
3856
2648
3751
3036
3747
3071
3773
1855
3377
3898
2120
2122
3220
3442
2397
3863
2127
3872
3700
3334
2920
2927
3156
2934
3820
2614
2679
3174
2668
2628
3290
3814
1874
3311
3491
3878
2013
3359
3084
2211
3090
2695
2524
2649
3821
2569
2248
2856
2355
4333
5232
3092
4099
3879
3462
3209
4397
2880
3204
3305
3650
3805
4870
3636
4752
4336
4835
3534
3418
3881
3969
4676
3333
3164
3676
4994
4714
3503
3829
3742
3547
3577
3909
3961
3223
3939
3137
3132
3159
4444
3537
3326
3051
4591
3853
4631
4426
3812
3762
3708
3946
2256
3933
4299
3539
3304
3405
3021
3646
3562
4255
3778
4370
3877
4782
3669
2551
3492
3841
4788
2233
3441
3710
3435
3910
3897
3578
3375
3756
2199
3576
3731
4907
4056
3424
3531
3833
3817
3810
5027
3218
3445
5925
3091
4706
3696
3806
5069
3268
3782
3026
3813
4778
3735
3714
4150
4384
4372
3637
4144
4129
4096
4710
3370
3998
4302
3952
3732
4356
3675
5234
3818
2224
4977
4922
4038
3328
3007
2741
2513
3191
4879
4465
3958
4816
4355
4189
5055
4183
3400
3985
3270
3544
4260
4167
4443
4735
5043
4792
4637
4747
3760
4278
5366
5330
4414
4669
4075
4398
4479
3983
3682
4084
4483
4941
5009
5450
5246
4447
5037
5750
5624
3399
5696
4594
4168
4889
4492
4169
4536
3847
4388
5106
4321
5201
4487
4571
4850
4711
4892
4103
4689
4292
3622
4146
2165
5924
4624
4108
5553
5431
4677
3349
5004
6361
4722
4843
4670
4122
4855
4282
4190
5091
5062
4504
4742
4406
5749
4325
3168
3701
5776
5384
5702
5231
5429
4226
4268
5739
5469
5690
5118
4762
4526
5879
4729
4815
5222
4391
5066
4561
5374
5254
4264
5319
4409
5821
4229
3087
5437
5608
5666
5386
5238
5898
5481
4667
4660
3918
4978
4401
4287
5551
5829
6601
5001
5332
4814
5262
5123
4452
4298
5125
5538
5025
5128
5281
5128
5281
4644
5189
5822
5960
4617
5313
4829
4233
5143
4365
5540
6495
4551
5478
4314
5054
5736
4392
5918
4067
5080
4463
4582
5241
5161
5507
4489
4695
5588
4116
4557
4849
5120
5605
4953
5187
4988
5294
5360
5619
4616
4324
5482
4251
5839
5387
5288
4274
4562
5350
4925
5172
5190
4569
5005
4919
4448
3835
3783
4604
3339
4723
5559
5628
5534
6190
4629
5010
5342
5127
5816
5592
5119
5787
5769
3974
5720
4544
4123
5589
5309
5220
5494
5721
5860
6700
5075
4647
5046
5709
5838
5676
5522
5620
5978
5903
4313
5591
5371
5921
4787
4535
5413
5682
5683
5590
4840
4957
5999
4460
5285
4900
3515
4765
3648
5884
5663
5970
5664
5405
5401
5598
5811
5533
5278
5635
5862
5556
5271
5308
5488
5228
5171
5487
5955
4853
5711
5633
5335
5732
7462
5654
5640
5688
5369
5467
5381
5272
5029
5065
4219
4709
6230
5934
4522
5434
5687
5747
3713
5496
5935
5410
5526
4926
5775
5112
4956
5041
4888
5296
5377
5660
5555
5114
4813
5846
7381
5104
6586
5433
6802
4898
5547
5804
5582
5280
4210
7365
5793
5778
3964
4797
5686
5418
5675
3009
5740
5853
5922
5840
5947
5989
5889
5430
5895
5124
5878
5181
6070
5799
5910
6054
5649
5941
5762
5850
5500
4865
4296
5135
5937
5773
3313
5568
5411
5699
5742
5194
5703
5585
6565
6313
7456
5404
6176
6793
5365
7198
6472
6093
6254
6826
6079
6182
7269
6825
7482
6328
6819
6604
7551
6516
6800
6670
6462
6066
5758
7692
6929
8057
6169
6851
6705
7147
6199
6676
6423
6597
6710
6220
7317
6318
6320
7559
6097
6786
6619
6491
6606
6445
6175
6572
6571
6815
6583
6498
7883
6654
6111
6240
6438
7757
7713
6533
6470
8082
7946
7832
6277
6447
6880
6981
6545
6613
6346
6377
7976
7466
7541
7197
7053
6441
7137
6976
6669
6189
6229
7165
6778
6839
6329
6740
6804
6134
6866
7926
6756
6932
6758
6575
8046
7248
5928
6362
6272
7890
8070
6704
6015
7517
5141
6160
7792
6126
7615
6540
7172
6478
7789
7657
7626
6392
6482
6493
6650
7568
7139
6506
7848
6305
7074
7557
7662
6701
6731
6746
6521
6442
6873
7263
7232
7112
6797
6561
7915
6548
7654
7309
6882
7604
6935
8019
6123
5581
7805
8072
6065
6949
7558
7653
7853
6336
6384
7006
6166
6594
6342
6788
7379
7849
7942
7444
6385
7824
7484
6840
7487
7855
6931
6260
7037
6262
8117
6238
6145
6837
6850
6933
6164
6568
6034
6870
6948
7778
8084
8076
6282
7801
6770
6909
7902
6016
6465
6853
6064
6566
7566
7007
6902
6109
6298
6688
7683
5465
7896
7560
6830
6090
7945
7091
6972
6751
8074
7950
6875
6928
7510
7733
7600
7483
7401
7018
8094
7768
6602
6429
7953
7311
8109
7571
6132
7481
8047
6106
7819
6984
6970
7779
7717
8063
6821
7830
7709
7205
6084
7500
6860
7276
8014
7453
7550
6874
7284
7844
8107
7514
7829
7947
6062
7508
7360
7705
7422
7666
7258
7128
7075
7397
7847
7368
7981
7727
7431
6780
5864
6897
7721
7714
7386
7242
7521
7762
6682
7449
7292
8050
8035
6950
7203
7327
8032
7457
7904
7522
7922
7813
6539
8013
6953
7424
7938
7451
7464
6732
7958
7690
7155
7181
7183
8006
7739
7217
6985
8011
6785
8092
7699
7640
7803
6717
7114
7362
7036
7991
7310
8120
7350
7231
7835
7899
7933
7210
7315
8001
7931
7999
7956
6266
7814
6209
7908
7030
7304
7831
7343
8086
7380
7667
7054
7290
7616
7325
7974
7722
7734
7385
7865
7634
6674
7838
7758
6138
7446
7391
7486
7782
7038
7861
7132
8025
7319
7732
7237
7182
6089
