0
1
2
3
4
5
6
7
8
9
10
11
12
13
14
15
16
17
20
21
22
23
24
25
26
27
28
29
30
33
35
36
37
38
39
40
41
42
44
45
46
48
49
50
51
54
55
56
57
58
59
65
67
69
70
74
76
79
80
81
82
83
84
85
86
87
88
89
90
92
93
94
95
96
100
101
104
106
108
111
112
115
118
121
122
124
125
128
130
132
134
136
138
139
143
145
150
151
152
156
158
165
170
171
172
175
176
181
182
184
187
189
190
191
193
197
200
202
203
204
207
209
210
220
221
222
225
228
229
230
234
236
244
255
256
263
266
267
269
271
274
278
279
285
287
292
293
294
296
300
305
308
312
318
321
325
326
332
335
339
344
348
350
355
356
358
360
366
382
384
386
388
395
399
403
404
406
410
411
414
416
427
428
431
433
434
440
445
451
455
458
461
464
468
488
491
492
493
496
499
506
520
531
534
537
541
542
543
549
552
561
570
579
589
601
605
613
620
630
632
634
647
652
654
657
665
672
684
694
699
704
705
709
714
717
726
728
731
734
749
750
757
763
765
772
774
778
785
792
798
801
811
813
817
837
853
873
885
888
903
905
907
908
911
917
918
924
926
935
938
939
944
948
954
957
958
963
964
967
972
974
975
980
996
999
1000
1002
1008
1025
1029
1030
1037
1042
1043
1047
1050
1051
1052
1058
1060
1064
1069
1071
1076
1083
1090
1095
1111
1118
1123
1141
1142
1149
1162
1164
1171
1174
1176
1181
1192
1210
1215
1226
1229
1243
1251
1254
1265
1269
1288
1289
1294
1296
1300
1305
1311
1312
1320
1337
1344
1349
1350
1359
1368
1376
1380
1382
1387
1390
1396
1401
1413
1431
1433
1445
1465
1472
1484
1502
1516
1526
1535
1545
1565
1574
1579
1586
1600
1608
1624
1628
1668
1674
1688
1692
1709
1718
1731
1734
1739
1771
1773
1800
1802
1805
1807
1808
1816
1823
1824
1826
1830
1831
1835
1842
1844
1848
1850
1852
1854
1863
1865
1866
1871
1875
1884
1900
1911
1912
1913
1919
1920
1931
1951
1953
1957
1958
1962
1968
1982
1989
1990
1991
1993
2001
2022
2029
2030
2032
2033
2039
2048
2054
2069
2070
2078
2083
2100
2101
2104
2107
2108
2113
2121
2124
2128
2134
2135
2136
2138
2139
2143
2147
2148
2153
2154
2162
2163
2175
2176
2178
2182
2186
2187
2188
2194
2204
2207
2210
2219
2225
2226
2229
2230
2234
2235
2238
2242
2246
2249
2262
2265
2270
2276
2277
2279
2281
2285
2286
2300
2301
2304
2305
2306
2311
2314
2315
2316
2317
2321
2323
2327
2333
2335
2343
2344
2347
2352
2356
2371
2379
2385
2392
2400
2403
2406
2407
2417
2419
2423
2426
2428
2430
2439
2441
2450
2460
2466
2468
2470
2472
2474
2494
2509
2512
2515
2525
2533
2534
2536
2540
2546
2549
2560
2561
2562
2571
2578
2580
2588
2592
2594
2596
2611
2624
2626
2627
2635
2643
2653
2667
2670
2671
2681
2683
2684
2696
2697
2703
2717
2722
2732
2733
2749
2757
2766
2768
2796
2797
2807
2810
2825
2833
2841
2851
2853
2858
2860
2862
2868
2877
2887
2892
2898
2899
2901
2903
2911
2916
2923
2928
2935
2938
2945
2951
2959
2979
2990
3001
3002
3003
3004
3011
3013
3016
3018
3022
3023
3024
3032
3034
3039
3040
3041
3050
3052
3054
3056
3057
3058
3061
3064
3072
3073
3074
3075
3078
3082
3088
3093
3095
3097
3100
3103
3114
3116
3119
3127
3135
3138
3141
3143
3144
3147
3178
3179
3180
3190
3193
3200
3202
3208
3211
3219
3221
3222
3233
3240
3243
3245
3248
3253
3254
3256
3257
3262
3264
3266
3267
3269
3273
3274
3276
3287
3289
3293
3298
3301
3310
3312
3322
3323
3327
3340
3342
3350
3353
3355
3356
3360
3361
3362
3379
3385
3388
3393
3397
3412
3417
3419
3425
3426
3431
3437
3447
3452
3465
3467
3469
3473
3483
3485
3486
3500
3505
3511
3513
3514
3529
3538
3542
3551
3556
3565
3566
3572
3575
3580
3581
3592
3593
3594
3597
3598
3604
3607
3608
3615
3625
3626
3644
3654
3658
3661
3662
3666
3673
3678
3683
3695
3704
3712
3718
3719
3726
3734
3741
3750
3758
3769
3791
3801
3802
3808
3838
3845
3873
3890
3895
3901
3905
3906
3908
3912
3913
3916
3917
3919
3921
3926
3927
3929
3931
3934
3936
3938
3940
3941
3955
3956
3959
3960
3966
3967
3976
3982
3984
3986
3988
3990
3995
3996
3997
4001
4004
4008
4010
4014
4015
4023
4027
4028
4029
4030
4032
4034
4035
4041
4044
4049
4053
4055
4059
4063
4066
4071
4076
4077
4078
4079
4086
4088
4100
4104
4106
4110
4112
4117
4118
4119
4120
4128
4130
4135
4137
4143
4145
4149
4151
4153
4165
4170
4181
4188
4193
4200
4203
4205
4214
4216
4217
4221
4225
4232
4235
4236
4239
4243
4245
4246
4247
4250
4257
4258
4259
4270
4271
4275
4276
4283
4291
4294
4303
4307
4308
4309
4310
4317
4318
4326
4327
4329
4330
4331
4338
4340
4344
4348
4349
4357
4358
4360
4364
4368
4369
4376
4377
4380
4394
4400
4403
4419
4420
4430
4440
4442
4449
4459
4461
4464
4467
4469
4471
4475
4482
4493
4494
4496
4498
4500
4514
4517
4519
4527
4533
4539
4548
4549
4573
4584
4593
4596
4597
4603
4611
4622
4623
4628
4655
4656
4663
4668
4673
4680
4691
4698
4701
4708
4715
4717
4725
4727
4728
4749
4750
4756
4761
4764
4772
4801
4802
4806
4812
4817
4824
4826
4828
4831
4839
4844
4846
4848
4852
4858
4866
4868
4869
4871
4875
4880
4882
4884
4891
4899
4901
4904
4914
4927
4930
4933
4934
4942
4945
4958
4961
4962
4963
4966
4967
4996
4999
5002
5003
5007
5013
5015
5018
5021
5026
5032
5063
5070
5097
5107
5114
5117
5119
5129
5137
5138
5140
5144
5147
5150
5151
5152
5153
5154
5156
5163
5164
5168
5174
5175
5176
5177
5178
5179
5198
5207
5210
5213
5215
5216
5217
5230
5242
5245
5261
5264
5269
5270
5277
5287
5289
5305
5306
5326
5352
5355
5356
5361
5365
5368
5375
5376
5392
5398
5399
5414
5441
5443
5448
5466
5468
5483
5485
5489
5497
5511
5586
5601
5602
5604
5611
5615
5617
5627
5639
5642
5645
5651
5667
5706
5707
5726
5738
5752
5764
5779
5782
5789
5803
5805
5819
5825
5874
5911
5913
5914
5948
5967
5979
5992
6001
6002
6003
6004
6005
6007
6008
6009
6010
6011
6012
6014
6018
6019
6020
6021
6022
6027
6030
6031
6033
6034
6037
6038
6039
6040
6045
6046
6047
6049
6050
6053
6055
6056
6060
6061
6065
6068
6069
6071
6073
6075
6076
6077
6082
6084
6095
6096
6101
6104
6105
6110
6112
6118
6119
6120
6125
6126
6127
6128
6130
6140
6142
6146
6147
6148
6149
6152
6155
6159
6163
6164
6167
6170
6173
6180
6187
6188
6194
6195
6196
6200
6209
6211
6214
6215
6216
6218
6219
6221
6223
6224
6226
6236
6250
6259
6261
6262
6263
6279
6298
6301
6304
6307
6311
6330
6331
6338
6343
6354
6366
6375
6376
6378
6384
6396
6406
6407
6415
6424
6434
6448
6452
6460
6469
6477
6485
6513
6517
6522
6527
6537
6550
6558
6569
6573
6574
6585
6613
6623
6635
6639
6642
6650
6655
6660
6663
6668
6674
6683
6684
6693
6695
6698
6744
6762
6827
6845
6849
6855
6884
6886
6896
6903
6904
6910
6912
6914
6915
6925
6927
6933
6937
6938
6941
6945
6947
6950
6956
6957
6967
6972
6990
6991
6994
7004
7008
7010
7012
7016
7022
7025
7026
7030
7038
7041
7049
7063
7065
7073
7075
7086
7089
7090
7094
7095
7100
7102
7104
7109
7116
7146
7166
7169
7171
7173
7174
7186
7188
7195
7216
7221
7226
7233
7235
7239
7243
7276
7281
7316
7353
7367
7385
7387
7388
7403
7404
7407
7437
7455
7462
7465
7480
7533
7540
7547
7554
7555
7605
7606
7636
7639
7688
7695
7698
7702
7710
7716
7723
7756
7765
7833
7871
7884
7899
7908
8010
8069
8073
8075
814
572
454
737
2099
144
810
129
261
342
470
105
166
1152
1868
119
656
599
527
841
306
743
679
932
32
47
510
316
62
834
673
473
1103
773
283
237
789
934
372
669
1199
875
248
394
554
1778
782
931
456
1663
1180
1381
102
219
343
517
680
607
1935
299
213
369
805
1446
462
446
533
854
349
648
133
600
340
895
1410
596
760
1040
259
843
827
614
645
1375
1191
1839
66
254
1936
849
264
319
553
698
879
1151
297
218
992
430
519
247
674
867
860
338
432
548
284
852
233
851
830
275
1775
302
840
307
787
721
1859
1428
1202
347
1195
137
691
1485
618
290
850
518
539
779
687
1236
872
1506
1012
1741
894
617
405
847
466
1753
2391
485
899
1056
682
582
540
438
2370
677
546
2084
1153
439
522
1135
2045
639
1348
796
1044
1039
457
828
188
242
1922
1795
622
268
1664
756
951
155
615
1503
555
740
258
633
1489
2007
1032
558
1262
365
1482
598
1220
194
354
562
374
2059
1599
1194
1459
636
1277
1627
775
215
250
1916
820
1570
2981
1099
711
1074
1501
511
623
2042
224
2017
490
412
1986
1177
2013
1014
869
859
157
205
800
311
1212
950
1746
1942
1514
140
1851
946
943
1453
1301
2961
1358
1133
1049
2377
1075
3650
2582
1284
970
2259
1466
1487
1136
3348
2513
1347
2969
198
1260
2598
1307
1549
1253
1879
3476
2387
2132
1754
2140
1068
1005
110
1252
2478
718
289
1490
376
1361
1887
1918
2455
2373
1138
1633
2120
1011
2699
1173
141
891
1264
1451
2815
2914
1555
1642
602
2678
1317
1678
2129
1882
1070
1238
2053
3307
2958
1299
2980
3837
2746
2055
1625
2625
2303
381
465
345
1853
733
1725
3406
1024
884
1475
1415
2485
1321
2838
2802
592
2421
2924
1303
2025
1434
2581
1370
3184
1697
2071
2062
595
1088
1130
1441
3220
2541
3636
1715
2170
4346
2963
745
1966
2943
2782
2745
2127
2774
3923
3752
2794
3196
2302
2334
2065
3767
4096
3335
2442
2535
2772
982
3550
2734
2511
2342
2692
2554
2381
2583
897
1540
2155
3568
2612
898
2137
4095
2151
2116
2870
4161
3777
3842
1538
3215
2499
2096
2326
2846
3857
3415
2393
3102
2744
3139
2473
2563
4093
2575
3617
3217
2088
2196
3764
2989
2785
3259
2790
2946
3825
3717
2365
2925
2251
3814
1861
1910
2812
3461
4281
2600
2731
3445
2738
2338
2727
3282
3030
2459
3000
3096
2636
3251
1811
2743
2307
4480
2183
1691
4862
2398
2257
2631
2142
3121
3619
2245
3464
2614
4166
1833
1812
3855
2918
2523
1954
2514
3699
2869
2451
2783
1907
977
2274
1290
3263
2454
3370
3295
3077
3860
3349
2971
3087
3616
2409
1700
3337
3134
2641
4372
2126
2492
3007
3062
2787
3430
1874
3286
3515
3036
3051
3071
2695
2835
2974
3823
3258
1973
2443
2287
3731
2821
3863
2453
3357
2776
3610
2290
2191
3454
2934
3576
2638
2917
4051
3877
3460
3191
3311
3730
3605
2278
3510
4296
4842
3821
2208
1896
2506
2357
2364
3798
3871
4070
3884
3372
3792
3487
3165
3352
4089
3204
3812
3194
4413
3603
4664
4686
4000
4438
4047
3753
3881
3969
5288
3333
4114
3428
4457
4618
5211
4009
4428
3975
3880
4590
3961
3939
3055
2805
4116
4421
3067
3893
3156
3891
3843
3015
4313
3746
3640
3235
4765
2440
3998
2049
3775
3048
4929
4185
3304
3656
3861
3628
3029
3557
3622
3735
3045
3277
2866
3451
3868
3669
3189
3573
3300
3396
3112
3668
3441
4249
3714
2784
2416
3214
2272
1977
4876
2888
3713
5926
2587
3859
3411
3831
2221
3822
3489
5380
3227
3241
5648
3328
3435
4948
3696
3796
5027
3858
3555
3738
3409
4042
3559
3176
2698
4988
4598
5427
1979
3434
3977
3433
4378
3755
3199
5293
4336
2804
4472
4423
4760
2322
3414
3326
3330
4013
3080
4082
3965
4585
5247
4512
3261
4138
3477
3848
4260
3468
5045
5057
5076
5366
4979
4763
5204
4863
5795
3305
3949
4280
4758
4211
4265
4489
4282
4097
4987
2997
3980
4694
4240
5888
4311
4334
4392
3992
5418
5563
3490
4279
4594
4642
5512
5075
5067
4536
3142
3847
5685
6183
4295
5934
3533
4810
4163
4558
3946
3131
4689
4521
4407
4470
3299
5899
4624
5048
4647
3354
3951
4677
5025
7268
5229
5751
3968
4660
4954
4425
4401
5017
4204
4202
4552
4436
4627
3902
5786
3971
5384
5434
5109
5776
5183
4809
4977
5074
5058
4177
4439
4411
4075
4821
4770
5449
4529
5066
4688
4807
5470
5320
5089
4621
5821
4638
5246
4178
5608
5711
5223
4192
4520
4730
4020
5693
4356
4985
4506
4898
5080
6601
4850
5001
5332
4814
5262
4998
4452
4398
5228
3834
4362
5128
5281
5237
5281
4434
5517
4525
5313
4818
4808
4208
5731
4752
4036
5209
4314
4102
5101
7802
4474
4944
5710
5055
4847
4581
3933
5239
5181
6016
3246
5077
4649
4939
4272
5351
5965
5445
5972
4755
5234
4683
4366
4409
5459
4951
4408
3876
4620
5599
5113
5220
5047
5189
5760
5005
5035
3701
3835
3879
3962
4771
5069
5226
5159
5724
5883
5878
5679
5955
5918
5893
4754
5787
5692
4365
3090
5720
4879
5856
5041
5937
3570
5542
5248
6883
5527
4406
6580
5742
5804
5148
5630
5318
5303
5827
5387
5975
4312
4793
5897
5754
5703
4559
5915
5099
5252
4147
3268
5395
5405
5126
5705
5122
5336
5716
5862
5112
5556
7427
5271
5464
5800
5426
5930
5064
4975
5683
5362
5571
5134
4233
4497
5369
5769
5256
5308
4909
5446
5406
5416
4094
6319
5425
6759
4662
5815
4952
5342
5410
7672
5622
5311
5244
4906
5525
5590
5555
4477
5595
5528
5292
8053
5514
4654
5932
5793
5607
4797
5524
4040
5908
5813
5605
5494
5472
5773
5767
5548
4684
5451
5673
4561
5649
5849
5378
5283
4971
5093
5577
7718
6157
6428
5324
6102
7198
6472
6283
6547
7159
6671
6789
6735
7505
6978
6743
6604
8021
6676
6035
6814
7152
6680
7299
6993
7971
5690
6160
7897
6971
6083
7538
6532
7324
6425
6274
7560
6790
6612
6346
6193
6614
6350
6207
6458
6788
6156
7891
7656
6416
5713
6892
6721
7700
7360
6794
6234
6385
6278
7864
7691
7809
6091
7019
5966
6596
7402
6629
6713
6480
6692
6094
6734
6821
6197
6374
5132
7747
6276
6482
7294
6877
7588
7418
7852
6688
6479
7378
7574
7099
6220
6816
5051
7349
7641
7157
7393
7179
6051
6318
7395
7416
6206
6521
7319
7977
6496
5328
6466
6860
7334
7635
7352
7036
7232
7568
7287
6977
6965
6705
8029
6715
6025
6505
6916
7531
7774
7028
7732
6267
6800
6776
6584
6645
6151
7007
8080
7143
7054
7981
7591
6767
6852
7968
6539
7035
7803
7513
6582
7945
7805
6212
6523
7946
7467
7600
7483
7483
7158
7677
6136
7033
6270
7514
7103
7443
7941
7184
6464
6911
7577
6984
6970
7779
7717
7804
7386
7366
7032
7050
7683
7827
7123
7415
7522
8107
7126
8106
7567
7705
6928
7422
7265
7181
7974
7642
7128
6628
7368
7727
6851
7331
6245
8038
7801
7910
8028
7869
7612
7930
7970
7449
7292
7261
8011
7350
7459
7516
6931
7390
8000
7257
7919
7706
7739
7278
7942
7664
7658
8052
7917
6728
8001
7931
7204
6246
8119
7435
7308
8044
7130
7689
7474
7284
6763
7922
7792
7561
7825
7071
7219
8120
7692
8036
7788
