814
572
454
737
2099
144
810
129
261
342
470
105
166
1152
1868
119
656
599
527
841
306
743
679
932
32
47
510
316
62
834
673
473
1103
773
283
237
789
934
372
669
1199
875
248
394
554
1778
782
931
456
1663
1180
1381
102
219
343
517
680
607
1935
299
213
369
805
1446
462
446
533
854
349
648
133
600
340
895
1410
596
760
1040
259
843
827
614
645
1375
1191
1839
66
254
1936
849
264
319
553
698
879
1151
297
218
992
430
519
247
674
867
860
338
432
548
284
852
233
851
830
275
1775
302
840
307
787
721
1859
1428
1202
347
1195
137
691
1485
618
290
850
518
539
779
687
1236
872
1506
1012
1741
894
617
405
847
466
1753
2391
485
899
1056
682
582
540
438
2370
677
546
2084
1153
439
522
1135
2045
639
1348
796
1044
1039
457
828
188
242
1922
1795
622
268
1664
756
951
155
615
1503
555
740
258
633
1489
2007
1032
558
1262
365
1482
598
1220
194
354
562
374
2059
1599
1194
1459
636
1277
1627
775
215
250
1916
820
1570
2981
1099
711
1074
1501
511
623
2042
224
2017
490
412
1986
1177
2013
1014
869
859
157
205
800
311
1212
950
1746
1942
1514
140
1851
946
943
1453
1301
2961
1358
1133
1049
2377
1075
3650
2582
1284
970
2259
1466
1487
1136
3348
2513
1347
2969
198
1260
2598
1307
1549
1253
1879
3476
2387
2132
1754
2140
1068
1005
110
1252
2478
718
289
1490
376
1361
1887
1918
2455
2373
1138
1633
2120
1011
2699
1173
141
891
1264
1451
2815
2914
1555
1642
602
2678
1317
1678
2129
1882
1070
1238
2053
3307
2958
1299
2980
3837
2746
2055
1625
2625
2303
381
465
345
1853
733
1725
3406
1024
884
1475
1415
2485
1321
2838
2802
592
2421
2924
1303
2025
1434
2581
1370
3184
1697
2071
2062
595
1088
1130
1441
3220
2541
3636
1715
2170
4346
2963
745
1966
2943
2782
2745
2127
2774
3923
3752
2794
3196
2302
2334
2065
3767
4096
3335
2442
2535
2772
982
3550
2734
2511
2342
2692
2554
2381
2583
897
1540
2155
3568
2612
898
2137
4095
2151
2116
2870
4161
3777
3842
1538
3215
2499
2096
2326
2846
3857
3415
2393
3102
2744
3139
2473
2563
4093
2575
3617
3217
2088
2196
3764
2989
2785
3259
2790
2946
3825
3717
2365
2925
2251
3814
1861
1910
2812
3461
4281
2600
2731
3445
2738
2338
2727
3282
3030
2459
3000
3096
2636
3251
1811
2743
2307
4480
2183
1691
4862
2398
2257
2631
2142
3121
3619
2245
3464
2614
4166
1833
1812
3855
2918
2523
1954
2514
3699
2869
2451
2783
1907
977
2274
1290
3263
2454
3370
3295
3077
3860
3349
2971
3087
3616
2409
1700
3337
3134
2641
4372
2126
2492
3007
3062
2787
3430
1874
3286
3515
3036
3051
3071
2695
2835
2974
3823
3258
1973
2443
2287
3731
2821
3863
2453
3357
2776
3610
2290
2191
3454
2934
3576
2638
2917
4051
3877
3460
3191
3311
3730
3605
2278
3510
4296
4842
3821
2208
1896
2506
2357
2364
3798
3871
4070
3884
3372
3792
3487
3165
3352
4089
3204
3812
3194
4413
3603
4664
4686
4000
4438
4047
3753
3881
3969
5288
3333
4114
3428
4457
4618
5211
4009
4428
3975
3880
4590
3961
3939
3055
2805
4116
4421
3067
3893
3156
3891
3843
3015
4313
3746
3640
3235
4765
2440
3998
2049
3775
3048
4929
4185
3304
3656
3861
3628
3029
3557
3622
3735
3045
3277
2866
3451
3868
3669
3189
3573
3300
3396
3112
3668
3441
4249
3714
2784
2416
3214
2272
1977
4876
2888
3713
5926
2587
3859
3411
3831
2221
3822
3489
5380
3227
3241
5648
3328
3435
4948
3696
3796
5027
3858
3555
3738
3409
4042
3559
3176
2698
4988
4598
5427
1979
3434
3977
3433
4378
3755
3199
5293
4336
2804
4472
4423
4760
2322
3414
3326
3330
4013
3080
4082
3965
4585
5247
4512
3261
4138
3477
3848
4260
3468
5045
5057
5076
5366
4979
4763
5204
4863
5795
3305
3949
4280
4758
4211
4265
4489
4282
4097
4987
2997
3980
4694
4240
5888
4311
4334
4392
3992
5418
5563
3490
4279
4594
4642
5512
5075
5067
4536
3142
3847
5685
6183
4295
5934
3533
4810
4163
4558
3946
3131
4689
4521
4407
4470
3299
5899
4624
5048
4647
3354
3951
4677
5025
7268
5229
5751
3968
4660
4954
4425
4401
5017
4204
4202
4552
4436
4627
3902
5786
3971
5384
5434
5109
5776
5183
4809
4977
5074
5058
4177
4439
4411
4075
4821
4770
5449
4529
5066
4688
4807
5470
5320
5089
4621
5821
4638
5246
4178
5608
5711
5223
4192
4520
4730
4020
5693
4356
4985
4506
4898
5080
6601
4850
5001
5332
4814
5262
4998
4452
4398
5228
3834
4362
5128
5281
5237
5281
4434
5517
4525
5313
4818
4808
4208
5731
4752
4036
5209
4314
4102
5101
7802
4474
4944
5710
5055
4847
4581
3933
5239
5181
6016
3246
5077
4649
4939
4272
5351
5965
5445
5972
4755
5234
4683
4366
4409
5459
4951
4408
3876
4620
5599
5113
5220
5047
5189
5760
5005
5035
3701
3835
3879
3962
4771
5069
5226
5159
5724
5883
5878
5679
5955
5918
5893
4754
5787
5692
4365
3090
5720
4879
5856
5041
5937
3570
5542
5248
6883
5527
4406
6580
5742
5804
5148
5630
5318
5303
5827
5387
5975
4312
4793
5897
5754
5703
4559
5915
5099
5252
4147
3268
5395
5405
5126
5705
5122
5336
5716
5862
5112
5556
7427
5271
5464
5800
5426
5930
5064
4975
5683
5362
5571
5134
4233
4497
5369
5769
5256
5308
4909
5446
5406
5416
4094
6319
5425
6759
4662
5815
4952
5342
5410
7672
5622
5311
5244
4906
5525
5590
5555
4477
5595
5528
5292
8053
5514
4654
5932
5793
5607
4797
5524
4040
5908
5813
5605
5494
5472
5773
5767
5548
4684
5451
5673
4561
5649
5849
5378
5283
4971
5093
5577
7718
6157
6428
5324
6102
7198
6472
6283
6547
7159
6671
6789
6735
7505
6978
6743
6604
8021
6676
6035
6814
7152
6680
7299
6993
7971
5690
6160
7897
6971
6083
7538
6532
7324
6425
6274
7560
6790
6612
6346
6193
6614
6350
6207
6458
6788
6156
7891
7656
6416
5713
6892
6721
7700
7360
6794
6234
6385
6278
7864
7691
7809
6091
7019
5966
6596
7402
6629
6713
6480
6692
6094
6734
6821
6197
6374
5132
7747
6276
6482
7294
6877
7588
7418
7852
6688
6479
7378
7574
7099
6220
6816
5051
7349
7641
7157
7393
7179
6051
6318
7395
7416
6206
6521
7319
7977
6496
5328
6466
6860
7334
7635
7352
7036
7232
7568
7287
6977
6965
6705
8029
6715
6025
6505
6916
7531
7774
7028
7732
6267
6800
6776
6584
6645
6151
7007
8080
7143
7054
7981
7591
6767
6852
7968
6539
7035
7803
7513
6582
7945
7805
6212
6523
7946
7467
7600
7483
7483
7158
7677
6136
7033
6270
7514
7103
7443
7941
7184
6464
6911
7577
6984
6970
7779
7717
7804
7386
7366
7032
7050
7683
7827
7123
7415
7522
8107
7126
8106
7567
7705
6928
7422
7265
7181
7974
7642
7128
6628
7368
7727
6851
7331
6245
8038
7801
7910
8028
7869
7612
7930
7970
7449
7292
7261
8011
7350
7459
7516
6931
7390
8000
7257
7919
7706
7739
7278
7942
7664
7658
8052
7917
6728
8001
7931
7204
6246
8119
7435
7308
8044
7130
7689
7474
7284
6763
7922
7792
7561
7825
7071
7219
8120
7692
8036
7788
