[0, 3, 8, 11, 12, 35, 52, 56, 57, 60, 65, 97, 98, 110, 111, 117, 144, 146, 216, 218, 288, 298, 317, 383, 387, 391, 397, 406, 543, 588, 632, 644, 666, 670, 673, 681, 724, 739, 751, 778, 792, 797, 800, 802, 836, 840, 947, 949, 951, 952, 1080, 1093, 1102, 1280, 1447, 1449, 1461, 1463, 1570, 1769, 1774, 2011, 2013, 2018, 2050, 2052, 2053, 2054, 2058, 2098, 2125, 2133, 2143, 2144, 2146, 2147, 2150, 2185, 2188, 2204, 2207, 2243, 2245, 2258, 2280, 2291, 2297, 2302, 2308, 2389, 2440, 2442, 2444, 2445, 2462, 2489, 2512, 2571, 2574, 2645, 2648, 2738, 2744, 2826, 2886, 3089, 3090, 3091, 3134, 3135, 3137, 3153, 3174, 3198, 3217, 3258, 3265, 3272, 3275, 3276, 3316, 3370, 3538, 3550, 3816, 3817, 3845, 3847, 3855, 3878, 3900, 3910, 3947, 3954, 3978, 3979, 4109, 4156, 4157, 4167]
[1, 18, 20, 39, 123, 137, 139, 211, 267, 299, 302, 303, 324, 328, 438, 460, 516, 518, 529, 545, 565, 606, 608, 609, 612, 617, 620, 629, 634, 635, 636, 637, 640, 643, 693, 700, 703, 706, 708, 711, 713, 714, 767, 772, 2103, 2131, 2164, 2168, 2229, 2248, 2311, 2375, 2391, 2392, 2412, 2420, 2429, 2451, 2452, 2481, 3173, 3178, 3205, 3221, 3249, 3315, 3325, 3364, 3371, 3378, 3398, 3404, 3834, 3905, 3921, 3923, 4120, 4162]
[2, 7, 10, 13, 55, 59, 62, 78, 105, 107, 108, 114, 115, 122, 141, 171, 173, 196, 202, 203, 214, 229, 279, 287, 289, 346, 396, 403, 422, 459, 470, 471, 473, 474, 527, 540, 563, 596, 622, 625, 639, 671, 672, 674, 729, 737, 742, 743, 750, 786, 809, 841, 846, 961, 972, 974, 983, 1128, 1303, 1308, 1312, 1472, 1858, 2022, 2023, 2061, 2065, 2066, 2067, 2091, 2093, 2126, 2132, 2186, 2217, 2224, 2228, 2231, 2286, 2300, 2305, 2318, 2319, 2332, 2346, 2350, 2373, 2383, 2399, 2401, 2428, 2464, 2480, 2486, 2500, 2668, 2751, 2755, 2900, 3093, 3096, 3098, 3119, 3120, 3165, 3172, 3177, 3187, 3192, 3200, 3266, 3274, 3290, 3312, 3320, 3329, 3341, 3351, 3352, 3447, 3450, 3489, 3660, 3831, 3866, 3867, 3869, 3872, 3874, 3901, 3916, 3924, 3942, 3948, 3949, 3950, 3956, 4005, 4168]
[]
[4, 16, 21, 48, 69, 100, 124, 126, 133, 175, 176, 177, 209, 227, 235, 243, 244, 245, 246, 247, 248, 249, 250, 281, 295, 319, 325, 326, 329, 332, 347, 393, 394, 423, 436, 440, 441, 457, 522, 651, 680, 695, 709, 710, 803, 814, 815, 816, 817, 818, 819, 820, 821, 822, 899, 900, 901, 902, 903, 904, 905, 906, 907, 908, 909, 910, 911, 912, 913, 914, 915, 916, 1064, 1065, 1066, 1067, 1068, 1069, 1070, 1071, 1215, 1217, 1218, 1219, 1220, 1221, 1222, 1223, 1224, 1225, 1226, 1227, 1228, 1229, 1230, 1231, 1232, 1233, 1234, 1235, 1236, 1237, 1238, 1239, 1240, 1241, 1243, 1245, 1431, 1432, 1433, 1533, 1534, 1535, 1536, 1537, 1538, 1539, 1540, 1541, 1542, 1543, 1544, 1546, 1547, 1548, 1549, 1826, 1827, 1828, 1829, 1830, 1831, 1995, 1996, 1997, 1998, 1999, 2000, 2001, 2002, 2003, 2004, 2040, 2041, 2100, 2110, 2113, 2116, 2141, 2166, 2184, 2196, 2216, 2226, 2244, 2288, 2290, 2293, 2312, 2341, 2393, 2437, 2485, 2503, 2504, 2505, 2550, 2551, 2552, 2553, 2554, 2555, 2556, 2629, 2630, 2631, 2715, 2716, 2717, 2718, 2719, 2720, 2722, 2724, 2815, 2816, 2817, 2818, 2819, 2820, 2864, 2865, 2866, 2867, 2868, 2869, 2870, 2871, 2975, 3010, 3011, 3013, 3106, 3107, 3108, 3109, 3139, 3196, 3197, 3206, 3208, 3236, 3255, 3324, 3357, 3376, 3403, 3405, 3406, 3407, 3430, 3431, 3432, 3433, 3434, 3435, 3436, 3474, 3524, 3525, 3526, 3527, 3528, 3529, 3530, 3531, 3532, 3601, 3630, 3631, 3632, 3633, 3634, 3635, 3746, 3802, 3803, 3804, 3813, 3838, 3846, 3856, 3864, 3873, 3884, 3911, 3952, 3965, 3966, 3967, 3970, 3997, 3998, 4024, 4025, 4026, 4027, 4065, 4119, 4150, 4151, 4152]
[5, 112, 121, 127, 206, 207, 217, 348, 390, 395, 404, 434, 437, 443, 458, 472, 567, 605, 645, 823, 824, 825, 826, 827, 828, 829, 831, 834, 914, 917, 918, 919, 920, 921, 922, 923, 924, 925, 926, 927, 928, 930, 1071, 1072, 1073, 1074, 1075, 1076, 1077, 1078, 1079, 1081, 1082, 1083, 1084, 1085, 1086, 1089, 1090, 1091, 1242, 1244, 1246, 1247, 1248, 1249, 1250, 1251, 1252, 1253, 1254, 1255, 1256, 1258, 1259, 1260, 1261, 1262, 1266, 1268, 1435, 1436, 1437, 1438, 1439, 1440, 1441, 1442, 1444, 1446, 1546, 1548, 1549, 1550, 1551, 1552, 1553, 1554, 1555, 1556, 1557, 1558, 1559, 1560, 1561, 1562, 1567, 1770, 1832, 1833, 1834, 1835, 1836, 1837, 1838, 1839, 1840, 1841, 1842, 1843, 1844, 1845, 2005, 2007, 2008, 2009, 2010, 2042, 2043, 2045, 2046, 2047, 2048, 2049, 2094, 2102, 2113, 2127, 2166, 2194, 2197, 2284, 2285, 2298, 2320, 2323, 2330, 2370, 2374, 2378, 2400, 2414, 2493, 2507, 2508, 2509, 2510, 2511, 2557, 2558, 2559, 2560, 2562, 2632, 2633, 2634, 2635, 2636, 2637, 2638, 2721, 2723, 2724, 2725, 2726, 2727, 2729, 2730, 2731, 2732, 2733, 2734, 2735, 2736, 2739, 2742, 2820, 2821, 2822, 2872, 2873, 2874, 2875, 2876, 3012, 3014, 3015, 3016, 3017, 3018, 3019, 3020, 3087, 3088, 3110, 3111, 3112, 3113, 3114, 3209, 3225, 3228, 3253, 3306, 3324, 3334, 3355, 3356, 3365, 3408, 3409, 3410, 3411, 3435, 3436, 3437, 3438, 3475, 3476, 3477, 3478, 3479, 3480, 3533, 3534, 3535, 3536, 3537, 3539, 3540, 3543, 3602, 3603, 3636, 3637, 3638, 3639, 3640, 3747, 3748, 3749, 3751, 3806, 3815, 3880, 3885, 3968, 3969, 3970, 3971, 3973, 3974, 3975, 3999, 4028, 4029, 4030, 4066, 4067, 4068, 4069, 4107, 4153, 4154, 4155, 4163, 4164, 4165]
[6, 7, 9, 78, 106, 141, 203, 208, 229, 279, 280, 301, 346, 442, 474, 672, 687, 743, 2224, 2231, 2295, 2438, 2446, 2491, 3320, 3831, 3874, 3892, 3949, 3950]
[]
[]
[]
[]
[]
[]
[]
[14, 17, 37, 40, 47, 53, 68, 88, 99, 120, 131, 135, 145, 200, 205, 220, 221, 223, 225, 269, 282, 304, 385, 402, 476, 511, 531, 541, 560, 562, 564, 610, 616, 623, 631, 649, 669, 698, 702, 725, 727, 779, 791, 808, 931, 944, 953, 1263, 1267, 2104, 2122, 2140, 2189, 2214, 2215, 2219, 2239, 2242, 2310, 2349, 2384, 2385, 2390, 2418, 2419, 2422, 2435, 2443, 2478, 2492, 2566, 2567, 2878, 3117, 3133, 3157, 3186, 3250, 3254, 3273, 3277, 3311, 3336, 3343, 3354, 3397, 3399, 3414, 3441, 3832, 3835, 3868, 3871, 3886, 3909, 3925, 3932, 3936]
[12, 15, 57, 61, 64, 96, 103, 110, 155, 195, 213, 215, 268, 283, 286, 308, 327, 330, 382, 383, 388, 391, 397, 398, 419, 433, 435, 439, 475, 594, 647, 670, 673, 676, 681, 684, 690, 728, 732, 733, 735, 736, 774, 776, 777, 781, 787, 795, 796, 798, 840, 842, 844, 950, 954, 955, 956, 957, 959, 960, 963, 968, 976, 978, 1280, 1282, 1460, 1595, 1883, 2016, 2017, 2020, 2021, 2058, 2060, 2092, 2096, 2101, 2187, 2255, 2256, 2257, 2291, 2294, 2302, 2309, 2317, 2321, 2322, 2327, 2347, 2436, 2445, 2465, 2489, 2497, 2498, 2518, 2578, 2582, 2744, 2752, 3092, 3094, 3136, 3138, 3155, 3171, 3220, 3223, 3232, 3252, 3257, 3271, 3278, 3289, 3291, 3382, 3383, 3401, 3413, 3448, 3490, 3550, 3555, 3657, 3659, 3727, 3729, 3759, 3760, 3761, 3808, 3830, 3841, 3862, 3865, 3890, 3894, 3935, 3937, 3940, 3947, 3978, 3979, 4004, 4034, 4126, 4167]
[]
[]
[]
[11, 19, 51, 54, 56, 60, 63, 65, 113, 117, 119, 204, 216, 317, 406, 438, 542, 543, 588, 615, 632, 644, 703, 704, 705, 726, 739, 797, 801, 802, 805, 830, 951, 1080, 1443, 1447, 1449, 1570, 1769, 2011, 2050, 2052, 2053, 2095, 2097, 2098, 2120, 2133, 2144, 2148, 2150, 2185, 2204, 2207, 2240, 2258, 2326, 2389, 2415, 2416, 2442, 2462, 2466, 2490, 2494, 2571, 2738, 3089, 3153, 3174, 3198, 3217, 3231, 3268, 3272, 3275, 3313, 3316, 3342, 3347, 3361, 3362, 3370, 3538, 3805, 3836, 3845, 3849, 3855, 3878, 3900, 3910, 3972]
[]
[]
[22, 25, 26, 38, 41, 49, 66, 75, 77, 80, 82, 118, 140, 156, 158, 182, 189, 252, 260, 261, 339, 405, 412, 430, 449, 453, 461, 483, 489, 500, 528, 573, 577, 656, 745, 769, 847, 848, 850, 855, 981, 982, 992, 998, 1002, 1124, 1132, 1134, 1136, 1139, 1149, 1165, 1325, 1330, 1339, 1350, 1355, 1356, 1369, 1473, 1475, 1481, 1485, 1486, 1489, 1495, 1623, 1640, 1647, 1651, 1655, 1662, 1875, 1907, 1909, 1915, 1920, 1924, 2025, 2026, 2028, 2031, 2068, 2071, 2077, 2136, 2137, 2163, 2232, 2234, 2236, 2249, 2262, 2268, 2271, 2289, 2301, 2303, 2314, 2336, 2340, 2364, 2406, 2523, 2583, 2586, 2587, 2588, 2590, 2591, 2594, 2596, 2659, 2662, 2665, 2667, 2671, 2759, 2770, 2771, 2773, 2774, 2778, 2787, 2788, 2837, 2839, 2893, 2903, 2908, 2909, 2921, 2990, 3040, 3045, 3052, 3053, 3121, 3124, 3163, 3170, 3185, 3194, 3256, 3260, 3283, 3288, 3360, 3415, 3452, 3453, 3454, 3494, 3497, 3499, 3562, 3565, 3571, 3572, 3609, 3611, 3652, 3667, 3668, 3672, 3673, 3674, 3766, 3769, 3773, 3776, 3840, 3853, 3859, 3881, 3887, 3888, 3898, 3957, 3983, 4007, 4040, 4042, 4043, 4044, 4134, 4160, 4161, 4172]
[13, 23, 41, 49, 62, 105, 106, 114, 122, 140, 171, 173, 229, 289, 396, 403, 405, 459, 470, 563, 587, 596, 672, 686, 729, 737, 742, 743, 768, 809, 846, 970, 972, 974, 975, 977, 983, 1123, 1124, 1128, 1134, 1303, 1308, 1472, 1473, 1626, 1785, 1888, 1907, 2022, 2023, 2026, 2065, 2067, 2068, 2071, 2073, 2132, 2186, 2217, 2220, 2271, 2286, 2296, 2301, 2305, 2328, 2346, 2360, 2399, 2581, 2583, 2588, 2657, 2659, 2664, 2755, 2774, 2832, 2833, 2834, 2900, 2911, 2983, 3093, 3163, 3165, 3185, 3192, 3213, 3304, 3320, 3352, 3450, 3452, 3494, 3652, 3769, 3840, 3866, 3901, 3916, 3948, 3983, 4005, 4044]
[24, 74, 93, 151, 161, 188, 259, 350, 363, 364, 367, 377, 487, 764, 859, 861, 867, 1004, 1009, 1013, 1014, 1017, 1029, 1155, 1166, 1169, 1177, 1355, 1378, 1379, 1381, 1382, 1383, 1399, 1486, 1491, 1492, 1500, 1504, 1509, 1659, 1669, 1670, 1675, 1683, 1701, 1703, 1712, 1802, 1803, 1808, 1918, 1923, 1925, 1928, 1939, 1943, 1945, 1950, 1959, 2076, 2079, 2165, 2174, 2259, 2270, 2473, 2487, 2593, 2595, 2597, 2600, 2603, 2604, 2607, 2610, 2613, 2676, 2684, 2845, 2848, 2852, 2853, 2919, 2923, 2930, 2933, 2943, 2948, 2953, 2998, 3059, 3063, 3065, 3070, 3127, 3147, 3211, 3214, 3215, 3218, 3233, 3247, 3262, 3264, 3294, 3310, 3418, 3423, 3457, 3458, 3461, 3503, 3504, 3507, 3508, 3572, 3578, 3582, 3583, 3619, 3620, 3621, 3674, 3676, 3678, 3680, 3738, 3782, 3788, 3812, 3823, 3879, 3897, 4053, 4054, 4055, 4084, 4115, 4135, 4139, 4175]
[]
[]
[27, 28, 29, 30, 76, 84, 87, 101, 143, 160, 179, 180, 199, 231, 240, 290, 309, 311, 352, 353, 384, 399, 408, 409, 411, 425, 481, 484, 486, 491, 499, 508, 685, 689, 721, 765, 780, 785, 793, 849, 852, 853, 1127, 1130, 1138, 1140, 1143, 1146, 1151, 1313, 1331, 1333, 1346, 1349, 1357, 1363, 1365, 1479, 1482, 1483, 1487, 1604, 1621, 1632, 1641, 1644, 1652, 1653, 1657, 1663, 1668, 1671, 1796, 1890, 1892, 1894, 1895, 1896, 1899, 1901, 1902, 1913, 1914, 1917, 1922, 2024, 2027, 2032, 2129, 2130, 2154, 2173, 2175, 2190, 2202, 2225, 2261, 2269, 2304, 2351, 2355, 2357, 2589, 2674, 2780, 2841, 2906, 2910, 2932, 2994, 3037, 3039, 3041, 3047, 3049, 3051, 3054, 3099, 3101, 3123, 3145, 3146, 3169, 3183, 3193, 3210, 3230, 3246, 3263, 3284, 3381, 3393, 3451, 3496, 3498, 3566, 3575, 3610, 3670, 3675, 3767, 3768, 3775, 3777, 3820, 3821, 3939, 3981, 4006, 4045, 4061, 4086, 4088, 4128, 4130, 4133, 4170, 4173]
[]
[]
[]
[31, 369, 1510, 1514, 1964, 2324, 2536, 2860, 3166, 3239, 3245, 3792, 3796, 3799, 3882, 4020]
[32, 869, 1031, 1173, 1175, 1180, 1397, 1505, 1516, 1729, 1732, 1733, 1734, 1741, 1814, 1937, 1965, 2533, 2614, 2689, 2699, 2950, 3074, 3191, 3424, 3466, 3467, 3596, 3794, 3988, 4050]
[33, 359, 886, 889, 890, 1046, 1196, 1415, 1744, 1818, 2085, 2539, 2540, 2618, 2620, 2706, 2806, 2808, 2859, 2956, 3244, 3468, 3516, 3520, 3702, 3714, 3742, 3959, 3989, 4057, 4058]
[34, 359, 1186, 1196, 1415, 1424, 1745, 1820, 1977, 2540, 2622, 3076, 3079, 3302, 3712, 3743, 3826, 3848]
[]
[36, 291, 859, 1322, 2593, 3262, 3418]
[]
[]
[]
[]
[]
[42, 43, 44, 58, 125, 134, 147, 174, 178, 233, 241, 242, 263, 296, 297, 305, 320, 321, 323, 333, 424, 462, 463, 464, 691, 712, 715, 716, 717, 784, 806, 812, 813, 892, 893, 894, 895, 896, 897, 1054, 1055, 1056, 1057, 1058, 1059, 1060, 1061, 1062, 1063, 1211, 1212, 1213, 1214, 1430, 1531, 1532, 1825, 1988, 1989, 1990, 1991, 1992, 1993, 1994, 2036, 2037, 2038, 2039, 2153, 2172, 2193, 2195, 2198, 2227, 2342, 2447, 2454, 2455, 2456, 2457, 2458, 2502, 2545, 2546, 2547, 2548, 2549, 2626, 2628, 2711, 2712, 2713, 2714, 2812, 2813, 2814, 3009, 3083, 3084, 3085, 3105, 3142, 3143, 3160, 3179, 3190, 3377, 3428, 3429, 3473, 3521, 3522, 3523, 3629, 3716, 3744, 3745, 3801, 3933, 3934, 3945, 3963, 3964, 3995, 4023, 4149]
[]
[]
[16, 21, 45, 100, 121, 124, 126, 127, 133, 175, 193, 206, 209, 217, 227, 245, 247, 249, 281, 325, 329, 347, 348, 390, 393, 394, 395, 436, 437, 440, 441, 443, 457, 458, 522, 680, 783, 803, 817, 818, 819, 820, 821, 822, 823, 824, 825, 826, 827, 912, 913, 914, 915, 916, 917, 918, 919, 922, 1067, 1068, 1069, 1070, 1071, 1072, 1073, 1074, 1075, 1076, 1078, 1224, 1225, 1226, 1227, 1228, 1229, 1230, 1231, 1232, 1233, 1234, 1235, 1236, 1237, 1238, 1239, 1240, 1241, 1242, 1243, 1244, 1245, 1246, 1247, 1248, 1249, 1250, 1251, 1253, 1255, 1256, 1431, 1432, 1433, 1434, 1435, 1436, 1437, 1438, 1439, 1440, 1441, 1442, 1537, 1538, 1539, 1540, 1541, 1542, 1543, 1544, 1545, 1546, 1547, 1548, 1549, 1550, 1551, 1552, 1553, 1554, 1555, 1556, 1557, 1558, 1827, 1828, 1829, 1830, 1831, 1832, 1833, 1834, 1836, 1837, 1838, 2000, 2001, 2002, 2003, 2004, 2005, 2006, 2007, 2042, 2043, 2045, 2046, 2094, 2100, 2102, 2113, 2127, 2166, 2196, 2197, 2226, 2244, 2284, 2288, 2290, 2293, 2320, 2323, 2378, 2414, 2485, 2493, 2506, 2508, 2510, 2554, 2555, 2556, 2557, 2558, 2559, 2630, 2631, 2717, 2718, 2719, 2720, 2721, 2722, 2723, 2724, 2725, 2726, 2727, 2729, 2730, 2731, 2732, 2734, 2818, 2819, 2820, 2821, 2868, 2869, 2870, 2871, 2872, 2873, 3010, 3011, 3012, 3013, 3014, 3015, 3087, 3088, 3107, 3108, 3109, 3110, 3112, 3139, 3236, 3306, 3324, 3334, 3356, 3357, 3403, 3406, 3407, 3408, 3409, 3431, 3432, 3433, 3434, 3435, 3436, 3437, 3474, 3475, 3476, 3477, 3526, 3527, 3528, 3529, 3530, 3531, 3532, 3533, 3534, 3535, 3601, 3602, 3603, 3634, 3635, 3636, 3719, 3746, 3747, 3748, 3804, 3813, 3846, 3880, 3911, 3968, 3969, 3970, 3971, 3997, 3998, 3999, 4026, 4027, 4028, 4065, 4066, 4067, 4068, 4107, 4152, 4163, 4164, 4165]
[46, 345, 735, 747, 804, 2575, 3862]
[]
[]
[]
[50, 421, 536, 555, 559, 561, 585, 604, 621, 771, 958, 964, 966, 1099, 1100, 1101, 1104, 1106, 1107, 1108, 1110, 1111, 1113, 1114, 1116, 1117, 1118, 1119, 1275, 1279, 1281, 1283, 1284, 1285, 1286, 1287, 1288, 1289, 1290, 1291, 1292, 1293, 1294, 1299, 1301, 1306, 1310, 1321, 1459, 1465, 1467, 1470, 1573, 1575, 1577, 1579, 1580, 1581, 1582, 1583, 1587, 1588, 1589, 1590, 1592, 1593, 1594, 1596, 1597, 1598, 1600, 1605, 1608, 1609, 1612, 1616, 1775, 1852, 1853, 1854, 1855, 1856, 1857, 1859, 1860, 1862, 1863, 1864, 1866, 1867, 1868, 1869, 1870, 1872, 1873, 1876, 1877, 1879, 2059, 2070, 2281, 2299, 2329, 2377, 2388, 2411, 2421, 2430, 2519, 2576, 2577, 2642, 2643, 2644, 2646, 2647, 2650, 2651, 2652, 2653, 2658, 2660, 2745, 2747, 2748, 2749, 2753, 2754, 2756, 2757, 2763, 2825, 2827, 2879, 2881, 2882, 2883, 2884, 2885, 2887, 2888, 2889, 2891, 2895, 2899, 2980, 3023, 3026, 3027, 3028, 3029, 3030, 3031, 3032, 3035, 3175, 3207, 3321, 3344, 3445, 3446, 3487, 3488, 3549, 3551, 3552, 3553, 3554, 3556, 3605, 3648, 3649, 3650, 3651, 3656, 3755, 3756, 3757, 3758, 3762, 3763, 3764, 3770, 3810, 3907, 3912, 3927, 3955, 4002, 4003, 4033, 4035, 4038, 4060, 4073, 4074, 4123, 4124]
[]
[]
[]
[]
[]
[]
[]
[]
[]
[]
[]
[]
[]
[]
[]
[]
[67, 72, 85, 341, 496, 504, 657, 2179, 2201, 2212, 2222, 2277, 2358, 2431, 3234]
[]
[]
[70, 87, 90, 91, 96, 101, 102, 103, 143, 215, 230, 231, 286, 308, 381, 386, 398, 401, 413, 419, 433, 439, 475, 488, 499, 594, 676, 683, 728, 730, 731, 732, 734, 738, 744, 748, 775, 782, 795, 796, 798, 810, 978, 1326, 1333, 1346, 1474, 1591, 1595, 1611, 1621, 1624, 1627, 1645, 1784, 1882, 1895, 1899, 1903, 1913, 2024, 2092, 2158, 2181, 2230, 2257, 2260, 2294, 2315, 2316, 2317, 2322, 2361, 2436, 2441, 2463, 2469, 2497, 2584, 2661, 2758, 2892, 3043, 3136, 3138, 3156, 3158, 3171, 3223, 3240, 3271, 3278, 3281, 3289, 3291, 3387, 3400, 3490, 3555, 3655, 3659, 3759, 3760, 3767, 3775, 3820, 3833, 3851, 3852, 3865, 3870, 3883, 3935, 3937, 3946, 4046, 4126, 4130, 4170]
[17, 40, 71, 131, 135, 138, 200, 212, 219, 220, 226, 300, 331, 402, 444, 533, 539, 541, 544, 560, 569, 584, 589, 591, 601, 602, 626, 627, 631, 662, 663, 665, 682, 692, 698, 699, 702, 799, 808, 931, 2044, 2099, 2117, 2122, 2134, 2145, 2152, 2214, 2241, 2246, 2287, 2292, 2310, 2325, 2372, 2376, 2384, 2423, 2443, 2449, 2450, 3157, 3180, 3201, 3226, 3254, 3267, 3307, 3323, 3330, 3335, 3850, 3868]
[]
[73, 92, 104, 130, 150, 160, 162, 191, 251, 254, 271, 272, 336, 337, 360, 380, 410, 448, 505, 856, 862, 985, 989, 997, 1008, 1341, 1352, 1367, 1370, 1392, 1688, 1806, 1921, 1931, 1938, 2033, 2078, 2109, 2211, 2233, 2235, 2237, 2251, 2356, 2524, 2526, 2527, 2531, 2673, 2772, 2783, 2840, 2913, 2924, 2936, 2947, 3046, 3299, 3455, 3501, 3502, 3577, 3584, 3612, 3677, 3734, 3779, 3785, 3825, 3889, 4174]
[]
[]
[]
[]
[]
[72, 74, 75, 79, 151, 153, 156, 161, 183, 228, 252, 253, 259, 361, 363, 414, 415, 426, 489, 497, 498, 502, 503, 504, 575, 580, 764, 766, 858, 860, 861, 991, 1004, 1013, 1153, 1160, 1166, 1169, 1177, 1335, 1355, 1361, 1362, 1369, 1372, 1375, 1379, 1381, 1383, 1399, 1485, 1486, 1490, 1492, 1500, 1504, 1634, 1640, 1655, 1659, 1666, 1669, 1672, 1687, 1695, 1702, 1703, 1722, 1802, 1803, 1809, 1904, 1918, 1923, 1932, 1950, 2074, 2076, 2079, 2137, 2174, 2192, 2252, 2259, 2267, 2270, 2276, 2277, 2289, 2306, 2364, 2365, 2432, 2459, 2593, 2594, 2595, 2600, 2604, 2607, 2608, 2610, 2676, 2684, 2696, 2788, 2794, 2845, 2853, 2919, 2923, 2930, 2933, 2938, 2943, 2996, 3055, 3059, 3065, 3066, 3070, 3127, 3129, 3164, 3194, 3211, 3214, 3269, 3282, 3286, 3288, 3296, 3298, 3300, 3310, 3360, 3415, 3418, 3420, 3423, 3454, 3458, 3461, 3462, 3465, 3499, 3503, 3507, 3572, 3574, 3576, 3578, 3580, 3611, 3619, 3668, 3673, 3674, 3676, 3678, 3680, 3782, 3788, 3789, 3791, 3812, 3822, 3823, 3842, 3879, 3895, 3897, 4053, 4084, 4095, 4135, 4136, 4160, 4175]
[]
[81]
[]
[83]
[]
[]
[86, 104, 190, 448, 857, 1370, 1386, 1389, 1690, 1929, 2033, 2106, 2128, 2155, 2233, 2335, 2356, 2527, 2673, 3057, 3064, 3162, 3584, 3677, 3697, 3787, 3825]
[]
[]
[25, 26, 38, 66, 77, 80, 89, 118, 153, 156, 158, 182, 189, 228, 293, 301, 339, 361, 415, 461, 528, 573, 577, 599, 656, 761, 762, 766, 769, 770, 789, 790, 992, 1149, 1330, 1655, 1666, 1875, 1920, 2025, 2136, 2137, 2138, 2178, 2223, 2232, 2234, 2236, 2249, 2252, 2262, 2268, 2336, 2364, 2406, 2459, 2475, 2759, 2909, 3052, 3053, 3170, 3194, 3256, 3260, 3269, 3282, 3283, 3303, 3360, 3415, 3565, 3571, 3668, 3773, 3858, 3891, 3898, 3941, 4043, 4134, 4161, 4172]
[]
[]
[]
[]
[94, 95, 1727, 1976, 1979, 2139, 2333, 2705, 3280, 3597, 3626, 3711]
[]
[]
[]
[]
[]
[]
[]
[]
[]
[]
[]
[]
[]
[]
[47, 109, 120, 131, 200, 282, 304, 385, 476, 531, 541, 560, 616, 631, 649, 799, 953, 1263, 1267, 2122, 2239, 2310, 2349, 2376, 2384, 2390, 2419, 2422, 2566, 2878, 3117, 3157, 3250, 3254, 3336, 3343, 3354, 3399, 3441, 3832, 3868, 3871, 3886, 3909]
[]
[]
[]
[]
[]
[]
[10, 53, 59, 68, 88, 99, 107, 116, 145, 196, 202, 210, 214, 221, 222, 269, 287, 343, 392, 400, 422, 471, 473, 540, 564, 622, 623, 625, 639, 667, 671, 674, 675, 677, 701, 725, 727, 750, 779, 786, 791, 811, 838, 946, 961, 1457, 1462, 1584, 1858, 2056, 2061, 2091, 2093, 2104, 2118, 2126, 2140, 2189, 2215, 2219, 2228, 2239, 2242, 2300, 2307, 2318, 2319, 2332, 2373, 2383, 2386, 2410, 2419, 2428, 2435, 2461, 2464, 2486, 2492, 2500, 2513, 2751, 3119, 3120, 3133, 3172, 3176, 3177, 3187, 3199, 3200, 3266, 3273, 3274, 3277, 3290, 3292, 3311, 3312, 3322, 3341, 3345, 3351, 3397, 3414, 3444, 3447, 3548, 3606, 3809, 3867, 3869, 3886, 3924, 3932, 3936, 3942, 3956, 4168]
[]
[]
[]
[]
[]
[]
[]
[]
[]
[]
[]
[128, 1037, 3795]
[129, 168]
[]
[]
[132, 136, 519, 521, 544, 591, 654, 679, 707, 741, 2167, 2206, 2379, 2439, 2448, 2449, 2468, 2501, 3159, 3161, 3180, 3384, 3938]
[]
[]
[]
[]
[]
[]
[]
[]
[]
[142, 197, 232, 273, 278, 314, 374, 417, 467, 469, 477, 479, 493, 870, 875, 876, 881, 1012, 1031, 1395, 1505, 1700, 1704, 1707, 1709, 1713, 1732, 1965, 1967, 1970, 2139, 2191, 2339, 2367, 2533, 2796, 3061, 3073, 3074, 3191, 3219, 3224, 3242, 3259, 3297, 3392, 3424, 3463, 3690, 3699, 3857, 3889, 4056, 4118]
[]
[]
[]
[]
[]
[43, 44, 148, 149, 174, 178, 237, 239, 305, 306, 321, 463, 465, 694, 696, 718, 719, 720, 784, 892, 1053, 1054, 1055, 1056, 1057, 1429, 1430, 1531, 1824, 1986, 1987, 1988, 2114, 2115, 2169, 2171, 2172, 2193, 2343, 2458, 2545, 2546, 2626, 2711, 2712, 3083, 3141, 3142, 3143, 3190, 3380, 3472, 3473, 3521, 3600, 3801, 3837, 3899, 3902, 3994]
[]
[]
[]
[93, 152, 187, 276, 310, 341, 362, 416, 451, 466, 492, 496, 558, 579, 593, 757, 1010, 1015, 1023, 1182, 1404, 1517, 1723, 1736, 1815, 1940, 1944, 1951, 1964, 2034, 2159, 2200, 2324, 2362, 2431, 2535, 2613, 2851, 2855, 2959, 3203, 3204, 3229, 3513, 3583, 3689, 3698, 3741, 3798, 3863, 3929, 4141]
[]
[9, 25, 38, 66, 77, 118, 154, 260, 261, 293, 301, 318, 351, 428, 429, 430, 449, 485, 500, 573, 642, 659, 761, 848, 850, 855, 981, 982, 1339, 1351, 1356, 1623, 1651, 1655, 1662, 1875, 2028, 2071, 2163, 2232, 2234, 2262, 2268, 2314, 2406, 2446, 2590, 2774, 2787, 2909, 3045, 3052, 3053, 3124, 3256, 3303, 3415, 3766, 3773, 3891, 3898, 4040, 4043, 4159]
[]
[]
[157, 2210, 2213]
[]
[85, 159, 429, 572, 2176, 2177, 2223, 3395]
[]
[]
[]
[163]
[164]
[165]
[166, 2161]
[167, 372, 375, 3148]
[]
[169, 2107, 2199]
[170]
[]
[172, 290, 311, 408, 721, 723, 758, 849, 852, 987, 993, 1130, 1133, 1144, 1477, 1604, 1644, 1781, 1792, 1793, 1894, 1900, 1901, 1902, 1911, 2027, 2525, 2663, 2836, 2890, 3039, 3293, 3390, 3417, 3491, 3981, 4128]
[]
[]
[]
[]
[]
[]
[]
[]
[181, 754, 2213, 3182]
[]
[]
[184, 370, 582, 887, 1022, 1178, 1186, 1406, 1410, 1506, 1507, 1510, 1742, 1813, 1957, 2159, 2200, 2535, 2957, 2963, 3075, 3078, 3425, 3515, 3590, 3705, 3708, 3826, 3848, 3877, 3929, 3930]
[104, 130, 162, 185, 254, 335, 338, 342, 354, 360, 368, 376, 862, 864, 869, 870, 875, 876, 1006, 1007, 1008, 1012, 1016, 1018, 1019, 1028, 1031, 1159, 1171, 1173, 1179, 1341, 1352, 1364, 1367, 1373, 1376, 1377, 1392, 1395, 1396, 1407, 1498, 1505, 1677, 1680, 1686, 1688, 1696, 1698, 1704, 1706, 1707, 1713, 1715, 1733, 1798, 1800, 1805, 1806, 1807, 1921, 1929, 1931, 1937, 1938, 1946, 1948, 1949, 1953, 1965, 2078, 2109, 2251, 2474, 2524, 2526, 2531, 2533, 2598, 2602, 2611, 2614, 2681, 2689, 2692, 2693, 2699, 2783, 2785, 2792, 2793, 2799, 2846, 2849, 2850, 2913, 2924, 2935, 2936, 2944, 2946, 2947, 2949, 2950, 2995, 3060, 3102, 3126, 3130, 3167, 3297, 3424, 3464, 3501, 3502, 3505, 3584, 3587, 3616, 3622, 3681, 3685, 3690, 3692, 3694, 3734, 3736, 3779, 3780, 3785, 3786, 3824, 3825, 3985, 4018, 4050, 4062, 4090, 4091, 4093, 4097, 4118, 4138, 4174]
[186, 363, 379, 752, 753, 764, 1918, 1923, 1939, 2165, 2595, 2676, 2852, 3063, 3212, 3508, 3788, 4055]
[]
[]
[]
[]
[]
[76, 84, 102, 179, 192, 231, 255, 257, 378, 432, 446, 447, 491, 499, 759, 765, 1636, 2175, 2182, 2190, 2260, 2331, 2477, 2499, 3156, 3193, 3844, 3851, 3876, 3904, 3944]
[]
[194, 686, 846, 970, 972, 977, 1123, 1124, 1305, 1472, 1473, 1476, 1785, 2067, 2068, 2271, 2301, 2581, 2583, 2654, 2657, 2659, 2830, 2832, 2833, 2983, 3121, 3352, 3452, 3453, 3562, 3609, 3652, 3840, 3980]
[]
[]
[]
[76, 87, 90, 101, 143, 180, 198, 199, 230, 240, 266, 309, 311, 352, 366, 384, 399, 407, 408, 411, 413, 425, 432, 455, 482, 486, 488, 490, 491, 499, 508, 685, 721, 731, 765, 793, 849, 851, 852, 853, 988, 993, 1125, 1126, 1127, 1129, 1130, 1133, 1138, 1140, 1143, 1144, 1146, 1147, 1148, 1150, 1151, 1168, 1313, 1316, 1326, 1331, 1333, 1336, 1338, 1340, 1346, 1349, 1357, 1363, 1368, 1466, 1477, 1479, 1482, 1483, 1487, 1611, 1624, 1625, 1627, 1632, 1641, 1642, 1644, 1645, 1652, 1653, 1657, 1663, 1792, 1793, 1886, 1890, 1892, 1894, 1895, 1896, 1897, 1900, 1901, 1902, 1903, 1908, 1911, 1913, 1914, 2024, 2027, 2032, 2069, 2072, 2075, 2129, 2130, 2154, 2181, 2225, 2261, 2269, 2316, 2337, 2348, 2351, 2355, 2357, 2361, 2363, 2441, 2520, 2521, 2522, 2589, 2661, 2663, 2666, 2669, 2670, 2674, 2758, 2776, 2779, 2780, 2784, 2835, 2836, 2890, 2905, 2906, 2907, 2910, 2988, 2989, 3037, 3039, 3041, 3051, 3054, 3101, 3122, 3123, 3183, 3189, 3193, 3230, 3240, 3246, 3263, 3284, 3391, 3416, 3417, 3451, 3491, 3492, 3493, 3496, 3500, 3566, 3570, 3575, 3608, 3610, 3670, 3675, 3767, 3768, 3775, 3777, 3781, 3811, 3818, 3819, 3820, 3843, 3981, 4045, 4075, 4078, 4081, 4083, 4086, 4128, 4130, 4170, 4171, 4173]
[]
[]
[201, 215, 262, 381, 676, 683, 728, 730, 732, 734, 738, 744, 748, 775, 782, 795, 798, 810, 1591, 2181, 2218, 2317, 2347, 2436, 2441, 2463, 2467, 2469, 2482, 2488, 2497, 2498, 2892, 3156, 3171, 3223, 3232, 3373, 3387, 3400, 3759, 3833, 3852, 3865, 3935, 3946]
[]
[]
[]
[]
[]
[]
[]
[]
[]
[]
[]
[]
[]
[]
[]
[]
[]
[]
[]
[]
[]
[]
[207, 224, 234, 315, 390, 404, 434, 472, 571, 605, 645, 664, 831, 920, 923, 925, 928, 930, 932, 934, 943, 1075, 1079, 1082, 1083, 1084, 1087, 1089, 1091, 1092, 1262, 1266, 1268, 1269, 1271, 1444, 1446, 1448, 1451, 1454, 1556, 1559, 1560, 1561, 1564, 1565, 1566, 1567, 1772, 1835, 1840, 1841, 1842, 1843, 1844, 1845, 2007, 2010, 2014, 2055, 2142, 2194, 2285, 2330, 2370, 2374, 2402, 2559, 2560, 2568, 2569, 2633, 2634, 2636, 2637, 2638, 2732, 2733, 2734, 2736, 2737, 2739, 2742, 2822, 2874, 2875, 2976, 3016, 3017, 3019, 3020, 3021, 3022, 3111, 3114, 3209, 3225, 3253, 3314, 3333, 3355, 3438, 3439, 3478, 3483, 3537, 3539, 3540, 3543, 3603, 3637, 3638, 3640, 3641, 3643, 3644, 3749, 3750, 3751, 3815, 3885, 3893, 3908, 3973, 4029, 4069, 4122, 4155]
[]
[]
[]
[]
[]
[]
[]
[]
[]
[]
[]
[236, 238]
[]
[]
[]
[]
[]
[]
[]
[]
[]
[]
[]
[]
[]
[]
[]
[]
[]
[]
[]
[84, 255, 256, 257, 378, 446, 447, 507, 722, 1636, 2106, 2155, 2175, 2182, 2221, 2237, 2356, 2471, 2477, 3844, 3943, 3944]
[]
[93, 187, 258, 362, 416, 451, 454, 487, 492, 593, 867, 868, 871, 874, 1009, 1010, 1011, 1014, 1015, 1017, 1022, 1023, 1027, 1039, 1178, 1185, 1378, 1382, 1384, 1390, 1404, 1409, 1491, 1506, 1509, 1512, 1517, 1670, 1675, 1679, 1692, 1701, 1702, 1703, 1712, 1714, 1716, 1717, 1723, 1731, 1740, 1815, 1816, 1928, 1943, 1944, 1945, 1954, 1962, 1971, 2034, 2159, 2253, 2263, 2266, 2529, 2532, 2535, 2601, 2603, 2609, 2612, 2613, 2616, 2694, 2698, 2804, 2805, 2848, 2851, 2941, 2945, 2948, 2961, 2968, 2998, 2999, 3003, 3004, 3144, 3147, 3150, 3203, 3215, 3233, 3261, 3457, 3504, 3509, 3513, 3582, 3583, 3594, 3620, 3624, 3686, 3689, 3695, 3698, 3700, 3703, 3738, 3740, 3741, 3929, 3986, 4016, 4054, 4063, 4096, 4098, 4117, 4139, 4141, 4143]
[]
[]
[]
[]
[]
[264, 513, 515, 517, 518, 524, 537, 538, 546, 568, 618, 619, 646, 650, 653, 655, 697, 2149, 2170, 2403, 2412, 2417, 2424, 2427, 3249, 3308, 3317, 3358, 3366, 3875, 3906, 3920]
[37, 55, 59, 68, 88, 99, 107, 108, 145, 196, 222, 265, 287, 343, 385, 392, 400, 422, 471, 473, 511, 512, 540, 564, 622, 667, 671, 701, 727, 791, 838, 946, 948, 961, 1103, 1457, 1462, 1464, 1584, 2056, 2061, 2091, 2104, 2118, 2126, 2186, 2189, 2215, 2219, 2228, 2247, 2282, 2286, 2300, 2307, 2318, 2319, 2373, 2386, 2410, 2413, 2428, 2500, 2513, 2515, 2981, 3133, 3152, 3176, 3177, 3186, 3187, 3199, 3200, 3227, 3266, 3290, 3292, 3311, 3322, 3341, 3345, 3351, 3374, 3397, 3444, 3447, 3548, 3606, 3807, 3867, 3869, 4168]
[]
[]
[]
[]
[270]
[]
[]
[]
[274, 756, 1690, 2128, 2275, 2335, 3060, 3064, 3162, 3683, 3697, 3787]
[275, 1525, 2538]
[]
[277]
[]
[]
[]
[]
[]
[]
[284, 683, 732, 738, 810, 1591, 2218, 2436, 2463, 2497, 2892, 3171, 3373, 3387, 3391, 3865]
[7, 9, 25, 41, 49, 66, 78, 82, 105, 106, 118, 122, 140, 171, 173, 203, 208, 229, 261, 279, 280, 285, 289, 301, 346, 405, 442, 470, 474, 563, 573, 587, 596, 599, 656, 672, 686, 742, 743, 745, 761, 762, 768, 769, 809, 848, 850, 970, 981, 1124, 1875, 1888, 2026, 2068, 2136, 2217, 2224, 2231, 2232, 2234, 2262, 2268, 2271, 2295, 2296, 2301, 2305, 2328, 2346, 2360, 2399, 2438, 2446, 2483, 2759, 2774, 2900, 3093, 3163, 3260, 3303, 3304, 3320, 3766, 3831, 3840, 3874, 3898, 3948, 3949, 4159]
[]
[]
[]
[]
[]
[]
[28, 30, 76, 84, 92, 104, 150, 160, 179, 180, 190, 191, 199, 251, 292, 294, 336, 365, 368, 399, 410, 411, 425, 427, 431, 448, 484, 490, 505, 507, 721, 758, 853, 856, 857, 985, 989, 993, 996, 997, 1003, 1008, 1018, 1144, 1151, 1152, 1163, 1164, 1341, 1345, 1352, 1353, 1357, 1359, 1365, 1367, 1368, 1370, 1371, 1380, 1386, 1388, 1389, 1393, 1487, 1494, 1496, 1499, 1501, 1636, 1644, 1657, 1660, 1668, 1671, 1674, 1676, 1688, 1689, 1690, 1694, 1792, 1799, 1806, 1894, 1902, 1917, 1921, 1922, 1926, 1930, 1935, 1936, 1938, 1953, 2032, 2033, 2105, 2106, 2109, 2130, 2211, 2233, 2304, 2335, 2351, 2354, 2357, 2363, 2524, 2525, 2527, 2592, 2670, 2673, 2681, 2682, 2685, 2780, 2781, 2791, 2795, 2798, 2840, 2841, 2842, 2843, 2907, 2910, 2913, 2922, 2928, 2991, 2994, 3000, 3039, 3041, 3046, 3051, 3056, 3057, 3064, 3101, 3146, 3162, 3167, 3394, 3417, 3421, 3422, 3455, 3460, 3501, 3505, 3575, 3577, 3612, 3614, 3670, 3675, 3677, 3679, 3683, 3685, 3735, 3737, 3777, 3787, 3821, 3824, 3825, 3903, 3981, 3985, 4008, 4013, 4014, 4045, 4047, 4049, 4051, 4061, 4088, 4137]
[]
[]
[]
[]
[]
[]
[]
[]
[]
[]
[]
[]
[]
[]
[307, 3857]
[]
[]
[]
[]
[162, 312, 335, 342, 360, 862, 866, 1367, 1498, 1800, 1916, 1931, 2251, 2474, 2524, 2602, 2792, 2924, 3102, 3126, 3502, 3779, 3780, 4093, 4174]
[310, 313, 501, 504, 1490, 1672, 2179, 2267, 2277, 3164, 3234]
[]
[]
[316, 414, 416, 456, 492, 558, 580, 868, 871, 1010, 1030, 1681, 1695, 1702, 1703, 1712, 1723, 1815, 1944, 1951, 1959, 1962, 1969, 2034, 2266, 2362, 2694, 2851, 2938, 2998, 3059, 3062, 3066, 3203, 3261, 3504, 3507, 3509, 3513, 3583, 3695, 3741, 3789, 3790, 3791, 3986, 4054, 4140, 4141]
[]
[]
[]
[]
[]
[18, 20, 39, 51, 54, 63, 119, 123, 139, 204, 267, 299, 302, 303, 322, 328, 438, 460, 516, 529, 542, 608, 615, 634, 693, 700, 703, 704, 705, 708, 711, 726, 772, 805, 830, 1443, 2095, 2097, 2103, 2120, 2124, 2148, 2164, 2229, 2240, 2248, 2311, 2326, 2391, 2415, 2416, 2452, 2466, 2481, 2490, 2494, 3178, 3217, 3221, 3231, 3268, 3313, 3342, 3347, 3361, 3362, 3398, 3404, 3805, 3836, 3849, 3905, 3921, 3923, 3972, 4162]
[]
[]
[]
[]
[]
[]
[]
[]
[]
[]
[]
[334]
[]
[]
[]
[]
[]
[104, 340, 349, 490, 505, 758, 852, 984, 985, 987, 989, 993, 995, 996, 997, 1001, 1003, 1005, 1006, 1007, 1008, 1133, 1142, 1144, 1158, 1159, 1163, 1172, 1341, 1343, 1345, 1348, 1352, 1364, 1380, 1478, 1644, 1648, 1660, 1674, 1677, 1686, 1689, 1792, 1793, 1799, 1801, 1902, 1911, 2029, 2030, 2525, 2526, 2531, 2598, 2599, 2663, 2670, 2673, 2682, 2772, 2781, 2795, 2838, 2842, 2843, 2844, 2907, 2917, 2922, 2928, 2991, 3046, 3125, 3167, 3293, 3417, 3419, 3421, 3422, 3455, 3460, 3501, 3506, 3560, 3581, 3585, 3679, 3733, 3737, 3772, 3824, 3984, 4008, 4009, 4010]
[]
[]
[]
[55, 105, 107, 122, 196, 202, 214, 229, 279, 287, 344, 396, 403, 442, 459, 674, 807, 841, 2056, 2132, 2228, 2231, 2286, 2300, 2319, 2332, 2464, 2486, 2500, 3093, 3177, 3200, 3274, 3312, 3854, 3874, 3916, 3924]
[]
[]
[]
[]
[]
[]
[]
[]
[]
[]
[355]
[356, 880, 884, 1020, 1025, 1026, 1032, 1033, 1040, 1187, 1401, 1402, 1405, 1508, 1511, 1708, 1719, 1728, 1729, 1811, 1814, 1968, 1972, 1973, 1976, 1978, 2035, 2472, 2615, 2617, 2697, 2702, 2703, 2705, 2964, 2966, 3067, 3077, 3104, 3131, 3238, 3510, 3511, 3514, 3589, 3592, 3598, 3623, 3626, 3691, 3696, 3794, 3828, 3990, 3991, 4019, 4099, 4147]
[357, 886, 2960, 3468, 3512, 3590, 4092]
[358]
[]
[]
[]
[]
[]
[]
[]
[]
[]
[]
[]
[]
[369, 371, 480, 1042, 1186, 1738, 2085, 2353, 2536, 2539, 2540, 3078, 3239, 3796, 3930, 3987, 4021]
[]
[373, 466, 885, 3798, 3799]
[]
[]
[]
[]
[]
[]
[]
[]
[]
[]
[]
[]
[]
[]
[]
[234, 315, 389, 404, 421, 532, 534, 535, 553, 554, 566, 570, 571, 583, 603, 607, 613, 614, 621, 624, 630, 633, 638, 648, 652, 771, 832, 833, 835, 837, 839, 929, 932, 933, 934, 935, 936, 937, 938, 939, 940, 941, 942, 943, 958, 964, 966, 1082, 1084, 1085, 1086, 1087, 1088, 1090, 1092, 1094, 1095, 1096, 1099, 1100, 1101, 1106, 1107, 1110, 1111, 1260, 1261, 1262, 1265, 1266, 1269, 1270, 1271, 1272, 1273, 1274, 1275, 1276, 1277, 1278, 1279, 1281, 1283, 1285, 1288, 1289, 1448, 1450, 1451, 1452, 1453, 1454, 1456, 1458, 1459, 1465, 1467, 1562, 1563, 1564, 1565, 1566, 1567, 1568, 1569, 1571, 1572, 1573, 1575, 1576, 1578, 1579, 1581, 1582, 1585, 1586, 1588, 1590, 1770, 1772, 1775, 1846, 1847, 1848, 1849, 1850, 1851, 1852, 1853, 1854, 1855, 2012, 2014, 2015, 2055, 2057, 2059, 2111, 2119, 2121, 2142, 2238, 2281, 2283, 2299, 2387, 2402, 2411, 2430, 2514, 2516, 2561, 2563, 2564, 2565, 2568, 2569, 2570, 2572, 2573, 2576, 2577, 2639, 2640, 2642, 2643, 2644, 2646, 2647, 2650, 2652, 2737, 2740, 2741, 2742, 2743, 2745, 2747, 2749, 2753, 2823, 2824, 2825, 2827, 2877, 2879, 2880, 2881, 2882, 2883, 2885, 2887, 2976, 2980, 3020, 3021, 3022, 3023, 3024, 3025, 3026, 3027, 3028, 3115, 3207, 3225, 3251, 3253, 3309, 3314, 3321, 3333, 3344, 3349, 3353, 3412, 3439, 3440, 3443, 3445, 3446, 3478, 3480, 3482, 3483, 3488, 3539, 3541, 3544, 3545, 3546, 3547, 3549, 3604, 3605, 3640, 3641, 3642, 3644, 3645, 3646, 3647, 3648, 3722, 3723, 3750, 3752, 3753, 3754, 3755, 3756, 3762, 3815, 3893, 3907, 3908, 3953, 3955, 3976, 3977, 4000, 4002, 4003, 4031, 4033, 4069, 4070, 4071, 4072, 4108, 4121, 4122, 4123, 4124, 4155, 4158, 4166]
[]
[]
[]
[]
[]
[]
[]
[]
[]
[]
[]
[]
[]
[]
[]
[]
[]
[]
[]
[]
[]
[]
[]
[]
[]
[]
[]
[]
[77, 153, 183, 415, 418, 426, 495, 497, 498, 502, 1160, 1361, 1666, 1672, 1910, 1932, 2074, 2178, 2267, 2365, 2409, 2432, 2459, 2608, 3055, 3194, 3296, 3300, 3420, 3576, 3842, 3895, 4095]
[]
[420, 1510, 1820, 1957, 2200, 2433, 2963, 3076, 3204, 3279, 3319, 3826, 3930]
[]
[]
[]
[]
[]
[]
[]
[]
[]
[]
[]
[]
[]
[]
[]
[]
[]
[]
[]
[]
[]
[]
[]
[]
[7, 9, 78, 106, 141, 203, 229, 318, 351, 445, 449, 474, 527, 548, 1128, 2224, 2346, 2360, 2399, 2446, 2668, 3093, 3098, 3320, 3329, 3766, 3831, 4159]
[]
[]
[]
[]
[450, 2160, 3797]
[]
[370, 451, 452, 454, 466, 887, 1181, 1188, 1404, 1406, 1409, 1410, 1517, 1714, 1816, 2273, 2691, 2804, 2963, 2999, 3004, 3075, 3150, 3425, 3625, 3700, 3705, 3708, 4016]
[]
[]
[]
[]
[]
[]
[]
[]
[]
[]
[]
[]
[]
[]
[]
[468, 2107, 2345, 3338]
[]
[]
[]
[]
[]
[]
[]
[]
[]
[478, 3896]
[]
[]
[]
[]
[]
[]
[]
[]
[]
[]
[]
[]
[]
[]
[]
[494, 864, 872, 1012, 1019, 1376, 1377, 1396, 1488, 1680, 1698, 1710, 1718, 1730, 1806, 1929, 1938, 1947, 1956, 2078, 2080, 2081, 2109, 2611, 2686, 2687, 2793, 2797, 2942, 2946, 3068, 3103, 3584, 3622, 3693, 3701, 3786, 4090, 4097, 4118]
[]
[]
[]
[]
[]
[]
[]
[]
[]
[]
[]
[102, 230, 231, 257, 432, 447, 499, 506, 1331, 1346, 1632, 1895, 1903, 1908, 2158, 2175, 2190, 2225, 2230, 2260, 2315, 2331, 2337, 2361, 2522, 2776, 3156, 3767, 3876, 3904]
[]
[]
[509, 549, 552, 556, 576, 578, 581, 595, 597, 600, 628, 661, 1135, 1141, 1311, 1314, 1318, 1319, 1320, 1328, 1347, 1601, 1615, 1618, 1619, 1622, 1628, 1629, 1630, 1633, 1635, 1638, 1639, 1654, 1685, 1797, 1878, 1880, 1885, 1887, 1891, 1893, 1906, 1912, 2264, 2369, 2404, 2425, 2426, 2769, 2775, 2898, 2902, 2912, 3036, 3042, 3326, 3340, 3558, 3563, 3567, 3661, 3664, 3669, 3765, 3771, 3919, 3931, 3982, 4039, 4076, 4131, 4132]
[510, 550]
[]
[]
[]
[136, 514, 2206, 3384]
[]
[]
[]
[]
[]
[520, 523, 524, 525, 547, 611, 619, 650, 2371, 2380, 2381, 3318, 3906]
[]
[]
[]
[]
[]
[523, 525, 526, 611, 2371, 2380, 2381, 3318]
[]
[]
[]
[530, 552, 556, 559, 561, 581, 585, 586, 590, 592, 967, 1104, 1113, 1114, 1117, 1119, 1135, 1284, 1286, 1291, 1292, 1294, 1295, 1302, 1306, 1307, 1309, 1310, 1311, 1314, 1315, 1317, 1318, 1319, 1320, 1321, 1332, 1470, 1580, 1583, 1587, 1589, 1592, 1594, 1596, 1597, 1599, 1600, 1601, 1602, 1603, 1605, 1606, 1607, 1608, 1610, 1612, 1613, 1614, 1615, 1617, 1619, 1620, 1622, 1631, 1638, 1857, 1859, 1860, 1863, 1868, 1869, 1870, 1871, 1873, 1876, 1877, 1879, 1880, 1881, 1885, 1912, 2019, 2070, 2377, 2382, 2398, 2519, 2653, 2658, 2660, 2756, 2760, 2763, 2765, 2777, 2884, 2894, 2895, 2896, 2897, 2898, 2899, 2901, 2902, 3029, 3030, 3031, 3032, 3035, 3036, 3038, 3363, 3484, 3551, 3553, 3554, 3556, 3557, 3561, 3650, 3651, 3653, 3654, 3658, 3661, 3662, 3663, 3664, 3726, 3757, 3763, 3764, 3765, 3770, 3912, 3913, 3914, 3922, 3926, 3927, 4035, 4036, 4037, 4038, 4039, 4060, 4074, 4076, 4077, 4080, 4111, 4125, 4129]
[]
[]
[]
[]
[]
[]
[]
[]
[]
[]
[]
[]
[]
[]
[]
[]
[]
[]
[]
[]
[551, 574, 597, 598, 1366, 1658, 1682, 1684, 1919, 2395, 2396, 2925, 3048, 3058, 3305, 3367, 3586, 3671, 3684, 3917, 4087, 4132]
[]
[]
[]
[]
[]
[93, 310, 364, 456, 487, 492, 557, 1013, 1023, 1379, 1399, 1412, 1490, 1500, 1504, 1509, 1702, 1703, 1736, 1943, 1944, 1951, 1959, 1966, 2174, 2362, 2409, 2613, 2684, 2851, 2852, 2853, 2855, 2923, 2933, 2941, 2953, 2959, 2998, 3059, 3063, 3070, 3127, 3147, 3164, 3203, 3215, 3218, 3229, 3243, 3247, 3294, 3457, 3461, 3503, 3513, 3583, 3619, 3680, 3689, 3703, 3738, 3788, 3789, 3790, 3791, 3812, 3897, 3918, 4053, 4054, 4055, 4101, 4139]
[]
[]
[]
[]
[]
[]
[]
[]
[]
[]
[]
[]
[]
[]
[]
[]
[]
[]
[]
[]
[]
[]
[]
[]
[]
[]
[]
[]
[]
[]
[]
[]
[]
[]
[]
[]
[]
[]
[]
[]
[]
[]
[]
[]
[]
[]
[]
[]
[]
[]
[]
[]
[]
[]
[]
[]
[]
[]
[]
[]
[]
[]
[]
[]
[]
[]
[]
[]
[]
[]
[]
[]
[]
[]
[]
[]
[]
[]
[]
[]
[]
[]
[]
[641, 658, 1678, 2394, 2395, 2408, 3368, 3369, 3687, 3783]
[]
[]
[]
[]
[]
[]
[]
[]
[]
[]
[]
[]
[]
[]
[]
[]
[]
[]
[660]
[]
[]
[]
[]
[]
[]
[]
[231, 240, 262, 290, 481, 486, 499, 668, 689, 723, 765, 780, 785, 794, 1621, 1896, 2175, 2182, 2202, 2499, 3156, 3169, 3193, 3222, 3246, 3373, 3381, 3387, 3393, 3400, 3844, 3851, 3939]
[]
[]
[]
[]
[]
[]
[]
[]
[]
[512, 674, 678, 807, 2438, 3854]
[]
[]
[]
[]
[]
[]
[]
[]
[]
[61, 103, 215, 262, 286, 308, 327, 345, 381, 386, 419, 488, 594, 676, 684, 688, 728, 732, 733, 735, 736, 744, 747, 774, 776, 781, 795, 796, 804, 957, 969, 973, 976, 978, 1109, 1474, 1595, 1783, 1784, 1884, 2020, 2021, 2064, 2112, 2256, 2279, 2347, 2441, 2465, 2467, 2469, 2482, 2488, 2498, 2575, 2579, 2582, 2584, 2752, 2758, 2892, 3033, 3094, 3118, 3138, 3155, 3223, 3278, 3289, 3291, 3382, 3383, 3400, 3448, 3490, 3555, 3655, 3657, 3659, 3727, 3759, 3761, 3833, 3839, 3852, 3870, 3883, 3890, 3940, 3946, 4034, 4079, 4169, 4170]
[]
[]
[]
[]
[]
[]
[]
[]
[]
[]
[]
[]
[]
[]
[]
[]
[]
[]
[]
[]
[]
[]
[]
[]
[]
[]
[]
[]
[]
[]
[]
[]
[]
[]
[]
[]
[]
[]
[]
[]
[]
[]
[]
[]
[]
[]
[]
[]
[]
[]
[]
[87, 101, 143, 240, 262, 266, 381, 384, 488, 499, 508, 683, 685, 740, 744, 748, 782, 793, 843, 979, 1127, 1313, 1326, 1331, 1346, 1474, 1611, 1621, 1641, 1892, 1896, 1913, 2024, 2154, 2158, 2181, 2269, 2316, 2348, 2355, 2361, 2441, 2467, 2469, 2482, 2758, 2892, 3037, 3118, 3123, 3145, 3156, 3158, 3223, 3246, 3281, 3284, 3400, 3451, 3496, 3566, 3610, 3759, 3767, 3768, 3775, 3820, 3833, 3852, 3870, 3939, 3946, 4128, 4170]
[]
[]
[]
[]
[]
[746, 1411, 1747, 3301, 3848]
[]
[]
[749, 1519, 1520, 1729, 1741, 1973, 2333, 2954, 2969, 3002, 3077, 3104, 3241, 3467, 3794, 4146]
[]
[]
[]
[]
[]
[755, 1026, 1175, 1397, 1401, 1402, 1497, 1508, 1708, 1719, 1728, 1729, 1810, 1811, 2035, 2472, 2615, 3067, 3131, 3241, 3466, 3510, 3511, 3623, 3794, 4019, 4099]
[]
[]
[]
[]
[760, 985, 2841]
[]
[]
[95, 273, 763, 1026, 1032, 1033, 1038, 1401, 1405, 1508, 1520, 1709, 1727, 1933, 1972, 2139, 2338, 2472, 2954, 3002, 3067, 3104, 3597, 3626, 3990]
[]
[]
[]
[]
[]
[]
[]
[]
[]
[3, 35, 56, 60, 65, 97, 98, 111, 146, 216, 218, 317, 387, 406, 666, 681, 724, 751, 773, 778, 792, 797, 800, 801, 947, 951, 1093, 1449, 1570, 2013, 2050, 2052, 2146, 2150, 2185, 2188, 2204, 2243, 2258, 2308, 2389, 2440, 2442, 2444, 2460, 2462, 2466, 2512, 2571, 3089, 3090, 3135, 3198, 3265, 3272, 3370, 3845, 3878, 3900, 4109]
[]
[]
[]
[]
[]
[]
[]
[]
[]
[]
[]
[]
[]
[]
[13, 55, 62, 105, 108, 115, 196, 210, 222, 343, 471, 473, 512, 540, 667, 671, 729, 737, 742, 750, 788, 961, 972, 1103, 2023, 2061, 2091, 2132, 2186, 2228, 2282, 2286, 2319, 2386, 2413, 2428, 2496, 2500, 3187, 3192, 3200, 3266, 3292, 3322, 3351, 3374, 3866, 3867, 3869, 3872, 3942, 3948]
[]
[]
[]
[]
[]
[]
[]
[]
[]
[]
[]
[]
[]
[]
[]
[]
[]
[]
[]
[]
[]
[]
[]
[]
[]
[]
[]
[]
[]
[]
[]
[]
[]
[]
[]
[]
[]
[]
[]
[]
[]
[]
[]
[]
[]
[]
[]
[]
[]
[]
[]
[]
[]
[]
[]
[]
[29, 384, 731, 845, 851, 969, 1120, 1121, 1122, 1125, 1126, 1127, 1129, 1131, 1138, 1143, 1296, 1313, 1466, 1471, 1625, 1897, 2027, 2069, 2520, 2521, 2579, 2580, 2656, 2828, 2831, 2835, 2988, 2989, 3122, 3189, 3416, 3449, 3492, 3495, 3839, 4078, 4171]
[]
[]
[]
[]
[]
[]
[]
[]
[29, 87, 90, 91, 101, 103, 143, 230, 266, 286, 308, 381, 384, 386, 409, 413, 455, 482, 488, 508, 676, 731, 796, 854, 969, 973, 976, 978, 988, 1109, 1115, 1121, 1125, 1127, 1129, 1138, 1143, 1146, 1304, 1313, 1316, 1326, 1331, 1333, 1336, 1338, 1346, 1469, 1471, 1474, 1483, 1611, 1624, 1625, 1627, 1632, 1641, 1645, 1652, 1784, 1882, 1884, 1886, 1889, 1892, 1895, 1897, 1899, 1903, 1913, 1914, 2021, 2024, 2064, 2092, 2112, 2135, 2154, 2173, 2269, 2279, 2294, 2315, 2316, 2322, 2337, 2361, 2521, 2579, 2580, 2582, 2584, 2655, 2656, 2661, 2666, 2758, 2831, 2835, 2988, 3033, 3043, 3054, 3095, 3118, 3122, 3123, 3136, 3158, 3281, 3284, 3287, 3289, 3291, 3295, 3451, 3490, 3492, 3493, 3495, 3496, 3555, 3566, 3608, 3610, 3655, 3657, 3659, 3759, 3760, 3761, 3775, 3811, 3818, 3820, 3833, 3839, 3870, 3883, 4075, 4078, 4079, 4086, 4126, 4130, 4170, 4171]
[]
[]
[]
[]
[]
[]
[]
[]
[863, 1157, 1480, 1656, 2528, 2530, 2605, 2789, 2938, 3456, 4048]
[]
[414, 416, 580, 865, 871, 874, 1009, 1010, 1011, 1675, 1692, 1702, 2034, 2529, 2532, 2604, 2605, 2848, 2938, 2941, 2945, 3062, 3462, 3686]
[]
[]
[]
[]
[]
[]
[]
[72, 504, 873, 1030, 1375, 2306, 2608, 3055, 3298, 3420, 3576, 3895, 4095]
[]
[]
[]
[867, 877, 879, 1014, 1027, 1029, 1181, 1378, 1382, 1384, 1409, 1512, 1701, 1714, 1717, 1724, 1928, 1945, 1954, 2609, 2691, 2698, 2804, 2961, 2999, 3004, 3591, 3620, 3624, 3740, 4063, 4064, 4098, 4117]
[878, 1009, 1014, 1017, 1024, 1039, 1157, 1170, 1383, 1391, 1503, 1512, 1670, 1679, 1683, 1701, 1712, 1716, 1731, 1925, 2532, 2597, 2605, 2848, 2930, 2952, 2961, 3003, 3456, 3504, 3582, 3594, 3613, 3739, 3879, 4117]
[]
[]
[]
[882]
[467, 469, 477, 479, 883, 1718, 1974, 2275, 2352, 2803, 2965, 3069, 3103, 3235, 3693, 3710, 4056]
[]
[]
[]
[]
[888, 1194, 2082, 2541, 2806, 3517, 3702, 3714, 4058]
[]
[]
[891]
[]
[]
[]
[]
[]
[]
[898, 3716]
[]
[]
[]
[]
[]
[]
[]
[]
[]
[]
[]
[]
[]
[]
[]
[]
[]
[]
[]
[]
[]
[]
[]
[]
[]
[]
[]
[]
[]
[]
[]
[]
[]
[]
[]
[]
[]
[]
[]
[]
[]
[]
[]
[]
[]
[]
[35, 52, 57, 61, 97, 98, 110, 382, 383, 391, 397, 681, 690, 751, 774, 777, 836, 840, 842, 945, 947, 949, 950, 952, 954, 955, 956, 957, 959, 960, 963, 971, 1093, 1102, 1280, 1455, 1461, 1463, 1774, 1783, 1861, 2013, 2016, 2017, 2020, 2052, 2058, 2062, 2188, 2243, 2256, 2291, 2297, 2302, 2309, 2327, 2440, 2444, 2445, 2465, 2517, 2574, 2575, 2578, 2645, 2648, 2649, 2744, 2826, 3155, 3252, 3257, 3265, 3382, 3413, 3442, 3448, 3550, 3607, 3729, 3730, 3808, 3816, 3817, 3862, 3894, 3947, 3954, 3978, 3979, 4034, 4059, 4109, 4157, 4167]
[]
[]
[]
[]
[]
[]
[]
[]
[]
[]
[]
[]
[]
[]
[]
[]
[554, 555, 561, 585, 958, 962, 967, 1097, 1099, 1104, 1106, 1108, 1111, 1113, 1114, 1116, 1117, 1118, 1119, 1281, 1283, 1284, 1285, 1286, 1287, 1288, 1290, 1291, 1292, 1294, 1295, 1297, 1301, 1302, 1310, 1465, 1467, 1470, 1569, 1575, 1577, 1579, 1580, 1581, 1582, 1583, 1587, 1589, 1592, 1593, 1594, 1600, 1608, 1855, 1857, 1863, 1864, 1865, 1866, 1867, 1868, 1869, 1873, 1876, 2299, 2377, 2398, 2519, 2572, 2577, 2643, 2644, 2647, 2650, 2651, 2652, 2653, 2658, 2749, 2750, 2756, 2757, 2825, 2829, 2879, 2881, 2889, 2891, 2980, 3028, 3029, 3030, 3031, 3035, 3348, 3445, 3446, 3484, 3485, 3487, 3551, 3552, 3553, 3554, 3556, 3605, 3650, 3651, 3656, 3663, 3757, 3764, 3907, 3912, 3927, 3955, 4001, 4002, 4003, 4032, 4035, 4036, 4037, 4060, 4074, 4111, 4125]
[]
[]
[61, 103, 155, 195, 382, 386, 435, 488, 731, 796, 844, 949, 950, 954, 955, 957, 959, 960, 963, 965, 968, 969, 971, 973, 1109, 1115, 1120, 1121, 1122, 1125, 1282, 1296, 1304, 1327, 1455, 1469, 1471, 1595, 1783, 1784, 1884, 2016, 2017, 2020, 2021, 2060, 2062, 2064, 2096, 2112, 2278, 2294, 2322, 2347, 2465, 2518, 2521, 2578, 2579, 2580, 2582, 2649, 2655, 2656, 2752, 2828, 2831, 2892, 3033, 3095, 3116, 3118, 3155, 3252, 3257, 3291, 3383, 3413, 3448, 3449, 3490, 3495, 3555, 3607, 3608, 3655, 3657, 3659, 3727, 3729, 3730, 3760, 3761, 3808, 3833, 3890, 4034, 4059, 4079, 4169]
[]
[]
[]
[]
[]
[]
[]
[]
[]
[]
[]
[]
[]
[]
[847, 980, 982, 990, 1112, 1137, 1475, 1476, 1481, 2585, 2587, 2654, 2667, 2672, 2770, 2773, 2837, 2903, 3121, 3452, 3453, 3454, 3562, 3672, 3859, 3957, 4007, 4040, 4042, 4114]
[]
[]
[]
[]
[]
[74, 161, 182, 252, 259, 367, 377, 412, 489, 858, 859, 860, 861, 986, 990, 991, 992, 994, 998, 1000, 1002, 1004, 1132, 1136, 1137, 1153, 1155, 1157, 1166, 1169, 1335, 1355, 1362, 1480, 1484, 1485, 1486, 1492, 1495, 1634, 1665, 1669, 1802, 1803, 1918, 1923, 1925, 2076, 2079, 2259, 2270, 2523, 2530, 2593, 2594, 2597, 2600, 2671, 2676, 2677, 2679, 2766, 2770, 2773, 2839, 2845, 2908, 2919, 2930, 2990, 3288, 3454, 3458, 3497, 3559, 3572, 3574, 3578, 3611, 3673, 3674, 3676, 3823, 3853, 3879, 3881, 3887, 4007, 4012, 4084, 4115, 4160, 4161, 4175]
[]
[]
[]
[]
[]
[]
[]
[]
[]
[]
[]
[]
[999, 1350, 3860]
[]
[]
[]
[]
[]
[]
[]
[]
[]
[]
[]
[]
[]
[]
[]
[]
[]
[]
[]
[]
[]
[864, 872, 876, 1016, 1019, 1020, 1021, 1028, 1176, 1183, 1364, 1407, 1497, 1502, 1511, 1686, 1697, 1698, 1711, 1720, 1725, 1730, 1735, 1743, 1798, 1810, 1942, 1947, 1956, 1968, 2081, 2606, 2611, 2683, 2686, 2687, 2693, 2695, 2697, 2702, 2786, 2802, 2846, 2850, 2942, 2946, 2964, 2966, 3001, 3068, 3259, 3459, 3587, 3615, 3618, 3622, 3682, 3692, 3786, 3988, 4091, 4094, 4097, 4116, 4142]
[]
[]
[]
[]
[]
[]
[]
[]
[]
[]
[]
[]
[1034]
[1035, 1190, 1194, 1403, 1737, 1955, 2082, 2806, 3072]
[362, 370, 582, 887, 1022, 1036, 1178, 1390, 1403, 1408, 1410, 1506, 1507, 1514, 1517, 1667, 1723, 1726, 1738, 1740, 1742, 1813, 1816, 1955, 1971, 2159, 2253, 2535, 2609, 2612, 2805, 2945, 2958, 3004, 3072, 3078, 3166, 3239, 3245, 3425, 3700, 3705, 3741, 3792, 3796, 3929, 3930, 4020, 4096, 4100, 4143]
[]
[]
[]
[]
[369, 1041, 1420, 1514, 1726, 1738, 1751, 1983, 3072, 3239, 3245, 3285, 3796, 4020]
[]
[1025, 1032, 1033, 1037, 1043, 1405, 1727, 1972, 1979, 2538, 2705, 2807, 2809, 2858, 3598, 3626, 3711, 3795, 4102, 4144, 4147]
[1025, 1044, 1189, 1191, 1198, 1518, 1522, 1523, 1526, 1728, 1811, 2035, 2617, 2619, 2704, 2807, 2857, 2858, 3005, 3006, 3131, 3514, 3519, 3623, 3828, 3960, 4022, 4147]
[1045, 1414, 1515, 2704, 3005, 3426, 3627, 3709, 4103]
[]
[1047, 1050, 1196, 1817, 1818, 2543, 2620, 2701, 3079, 3468, 3512, 3515, 3520, 3590, 3706, 3712, 3848]
[1048, 1204, 1422, 2710, 2972]
[1049, 3960]
[]
[1051]
[1052, 2625]
[]
[]
[]
[]
[]
[]
[]
[]
[]
[]
[]
[]
[]
[]
[]
[]
[]
[]
[]
[]
[]
[]
[]
[]
[]
[]
[]
[]
[]
[]
[]
[]
[]
[]
[]
[]
[]
[]
[]
[]
[]
[]
[]
[]
[]
[1098]
[]
[]
[]
[]
[]
[]
[53, 59, 68, 99, 107, 115, 145, 196, 222, 225, 287, 343, 385, 392, 400, 422, 471, 473, 540, 622, 623, 639, 667, 671, 677, 701, 727, 750, 786, 791, 838, 946, 948, 953, 961, 1103, 1105, 1312, 1457, 1462, 1584, 1858, 2023, 2061, 2091, 2093, 2104, 2118, 2126, 2189, 2219, 2247, 2300, 2318, 2319, 2332, 2373, 2383, 2386, 2410, 2422, 2428, 2464, 2515, 2751, 3096, 3133, 3152, 3172, 3176, 3177, 3186, 3187, 3199, 3266, 3273, 3290, 3292, 3311, 3312, 3322, 3341, 3351, 3397, 3414, 3444, 3447, 3489, 3548, 3606, 3660, 3809, 3867, 3872, 3886, 3932, 3942, 3956, 4168]
[]
[]
[]
[]
[]
[]
[]
[]
[]
[]
[]
[]
[]
[]
[]
[]
[]
[]
[]
[]
[]
[]
[]
[]
[]
[]
[]
[]
[]
[]
[]
[]
[]
[]
[]
[]
[]
[]
[]
[1145]
[]
[]
[]
[]
[]
[]
[]
[]
[1001, 1005, 1006, 1154, 1343, 1364, 1478, 1502, 1697, 2678, 2838, 2844, 2917, 3506, 3560, 3585, 4009, 4010, 4015, 4116]
[]
[349, 352, 353, 505, 758, 852, 856, 987, 989, 993, 995, 996, 1003, 1005, 1130, 1133, 1142, 1144, 1148, 1150, 1151, 1152, 1156, 1158, 1161, 1163, 1164, 1167, 1340, 1343, 1345, 1365, 1368, 1477, 1478, 1479, 1482, 1487, 1494, 1499, 1513, 1644, 1653, 1660, 1668, 1671, 1674, 1676, 1689, 1792, 1793, 1796, 1799, 1801, 1804, 1894, 1900, 1901, 1902, 1911, 1914, 1922, 1926, 1927, 1930, 2027, 2029, 2030, 2105, 2470, 2525, 2589, 2592, 2599, 2663, 2670, 2674, 2682, 2780, 2781, 2782, 2836, 2842, 2844, 2905, 2917, 2922, 2928, 2991, 3000, 3047, 3099, 3167, 3390, 3417, 3419, 3421, 3422, 3455, 3460, 3617, 3679, 3685, 3733, 3735, 3737, 3772, 3777, 3824, 4006, 4009, 4010, 4014, 4047, 4133, 4173]
[]
[]
[]
[]
[]
[1162, 1344, 1502, 1697]
[]
[]
[]
[]
[]
[]
[]
[]
[]
[]
[]
[1174]
[]
[]
[]
[]
[]
[]
[]
[]
[]
[1184, 1385, 1958, 2405, 2962]
[]
[]
[]
[]
[]
[]
[]
[1191, 1192, 1198, 1413, 1518, 1523, 1753, 2704, 2971, 3519, 4022]
[1193, 1761]
[]
[1195, 3739]
[]
[1197, 1418, 1527, 1749, 1754, 1982, 4176]
[]
[1199, 1425, 1750, 1756, 1759, 1821, 3082]
[1200, 1425, 1750, 3628, 4104]
[1201]
[1202, 3627]
[1203, 1421, 1980, 1984, 3714, 4105]
[]
[1205, 1529, 1749, 1752, 2087, 2366, 3426, 4103]
[1206, 1756]
[1207, 1427]
[1208, 1823, 3992]
[1209]
[1210]
[]
[]
[]
[]
[]
[1216, 2627]
[]
[]
[]
[]
[]
[]
[]
[]
[]
[]
[]
[]
[]
[]
[]
[]
[]
[]
[]
[]
[]
[]
[]
[]
[]
[]
[]
[]
[]
[]
[]
[]
[]
[]
[]
[]
[]
[]
[]
[]
[112, 920, 923, 926, 1090, 1257, 1258, 1261, 1444, 1445, 2055, 2111, 2298, 2509, 2562, 2634, 2636, 2874, 2977, 3113, 3114, 3411, 3438, 3478, 3480, 3543, 3973, 4030, 4154]
[]
[]
[]
[]
[]
[]
[833, 935, 1264, 1445, 1450, 1770, 2238, 2740, 2741, 2743, 2977, 3115, 4000]
[]
[]
[]
[]
[]
[]
[]
[]
[]
[]
[]
[]
[]
[]
[]
[]
[]
[]
[]
[]
[]
[]
[]
[]
[]
[]
[]
[]
[]
[]
[]
[]
[]
[1297, 1298, 1300, 1307, 1610, 1613, 1617, 2750, 2767, 2829, 2894]
[]
[]
[]
[]
[]
[]
[]
[]
[]
[]
[]
[]
[]
[]
[]
[]
[]
[]
[]
[]
[]
[]
[]
[]
[1323, 1874, 1905, 2761, 2762, 2764, 2904, 2915, 3044, 3564, 3569, 3665, 3666, 3778, 4041, 4087]
[549, 552, 576, 578, 581, 592, 600, 628, 1135, 1141, 1311, 1318, 1319, 1320, 1324, 1332, 1347, 1360, 1601, 1603, 1614, 1615, 1617, 1619, 1622, 1628, 1630, 1633, 1635, 1639, 1650, 1654, 1664, 1787, 1794, 1797, 1880, 1887, 1891, 1893, 1905, 1906, 1912, 2425, 2761, 2762, 2764, 2898, 2902, 2904, 2912, 2918, 2985, 2992, 3044, 3340, 3558, 3563, 3564, 3567, 3568, 3569, 3653, 3661, 3664, 3665, 3666, 3982, 4039, 4041, 4113, 4131]
[]
[]
[]
[]
[552, 576, 578, 581, 661, 1135, 1300, 1306, 1307, 1309, 1311, 1314, 1315, 1317, 1318, 1319, 1320, 1321, 1329, 1332, 1347, 1360, 1470, 1599, 1601, 1602, 1603, 1606, 1607, 1610, 1613, 1614, 1615, 1617, 1618, 1619, 1620, 1622, 1628, 1629, 1630, 1631, 1633, 1635, 1638, 1639, 1646, 1650, 1654, 1684, 1794, 1797, 1871, 1880, 1881, 1885, 1887, 1891, 1905, 1906, 1912, 2382, 2426, 2760, 2761, 2765, 2767, 2768, 2769, 2775, 2777, 2894, 2896, 2897, 2898, 2901, 2902, 2912, 2914, 3036, 3038, 3044, 3558, 3561, 3564, 3567, 3568, 3569, 3658, 3661, 3662, 3664, 3665, 3669, 3770, 3771, 3774, 3778, 3919, 3931, 3982, 4036, 4038, 4039, 4041, 4077, 4080, 4127, 4129, 4131]
[]
[]
[]
[]
[261, 500, 548, 846, 847, 848, 981, 1123, 1124, 1305, 1308, 1325, 1334, 1339, 1356, 1475, 1476, 1623, 1643, 1651, 1898, 1909, 2028, 2031, 2067, 2068, 2071, 2077, 2585, 2587, 2588, 2590, 2654, 2659, 2664, 2667, 2830, 2832, 2833, 2834, 2837, 2903, 3045, 3121, 3124, 3452, 3453, 3494, 3562, 3609, 3652, 3672, 3980, 4040, 4114, 4159]
[]
[]
[1006, 1337, 1364, 1686, 1798, 2606, 2786, 2846, 3615, 3984]
[]
[]
[]
[]
[574, 1342, 1354, 1366, 1387, 1649, 1658, 1673, 1678, 1682, 1693, 1919, 1952, 2395, 2904, 2915, 2918, 2925, 2929, 2992, 3048, 3359, 3368, 3567, 3569, 3586, 3666, 3671, 3687, 3783, 3915, 3917, 4082, 4087, 4132]
[]
[]
[]
[]
[]
[]
[]
[]
[]
[]
[]
[]
[]
[]
[]
[1354, 1358, 1691, 2929, 3687, 3688, 4082]
[]
[]
[]
[]
[]
[]
[]
[]
[]
[]
[]
[]
[]
[]
[]
[150, 162, 251, 254, 336, 360, 368, 376, 866, 989, 1164, 1352, 1367, 1373, 1374, 1498, 1501, 1661, 1688, 1694, 1696, 1804, 1807, 1916, 1921, 1922, 1926, 1927, 1930, 1931, 1953, 2030, 2105, 2470, 2474, 2524, 2531, 2602, 2614, 2680, 2689, 2792, 2799, 2842, 2924, 2944, 2947, 2994, 3102, 3126, 3146, 3168, 3237, 3248, 3394, 3501, 3502, 3505, 3614, 3685, 3734, 3779, 3780, 3785, 4014, 4051, 4093, 4138, 4174]
[]
[]
[]
[]
[]
[]
[]
[]
[]
[]
[]
[]
[]
[]
[]
[]
[]
[]
[]
[1394, 1401, 1719, 1814, 2250, 3104, 3241]
[]
[]
[]
[884, 1398, 1968, 2702, 2803, 2965, 3069]
[]
[1400, 1744, 2956, 3516, 4021]
[]
[]
[]
[]
[]
[]
[]
[]
[]
[]
[]
[]
[]
[]
[]
[1416]
[1417]
[]
[1419]
[]
[]
[]
[1423, 2345]
[]
[]
[1426]
[]
[1428]
[]
[]
[]
[]
[]
[]
[]
[]
[]
[]
[]
[]
[]
[]
[]
[]
[]
[]
[]
[]
[]
[]
[]
[]
[]
[]
[]
[]
[]
[]
[]
[]
[]
[]
[]
[]
[]
[]
[]
[8, 12, 57, 61, 64, 97, 98, 110, 144, 155, 213, 283, 298, 327, 330, 382, 383, 388, 391, 397, 435, 673, 681, 684, 690, 735, 736, 747, 751, 776, 777, 781, 840, 842, 947, 950, 952, 954, 955, 956, 957, 959, 960, 963, 968, 973, 976, 1093, 1102, 1280, 1282, 1461, 1463, 1468, 1783, 1861, 1883, 1884, 1889, 2013, 2016, 2017, 2018, 2020, 2021, 2058, 2062, 2063, 2096, 2101, 2188, 2255, 2256, 2291, 2297, 2327, 2444, 2445, 2465, 2489, 2512, 2574, 2575, 2578, 2582, 2645, 2648, 2744, 2752, 2826, 2886, 3033, 3091, 3092, 3094, 3095, 3138, 3154, 3155, 3220, 3252, 3257, 3265, 3278, 3291, 3382, 3413, 3448, 3550, 3607, 3657, 3729, 3730, 3761, 3808, 3817, 3841, 3890, 3894, 3940, 3954, 3978, 3979, 4004, 4034, 4059, 4109, 4156, 4167]
[]
[]
[]
[]
[]
[]
[]
[]
[]
[]
[]
[]
[]
[]
[]
[]
[]
[]
[]
[]
[]
[]
[]
[]
[578, 595, 597, 1141, 1347, 1360, 1366, 1493, 1619, 1630, 1635, 1639, 1650, 1654, 1658, 1664, 1673, 1684, 1685, 1794, 1797, 1893, 1906, 1912, 2425, 2775, 2912, 2914, 2915, 2918, 2925, 3058, 3563, 3567, 3568, 3569, 3669, 3671, 3684, 3771, 3778, 3982]
[]
[]
[]
[]
[]
[]
[]
[]
[]
[]
[]
[]
[]
[]
[]
[]
[]
[]
[]
[]
[]
[]
[]
[]
[]
[]
[]
[1521, 1738, 1742, 1813, 1955, 2082, 2806, 3989]
[]
[]
[1190, 1524, 1737, 3132]
[]
[]
[]
[1528]
[]
[1529, 1530, 1753, 2708, 2971, 3627, 4176]
[]
[]
[]
[]
[]
[]
[]
[]
[]
[]
[]
[]
[]
[]
[]
[]
[]
[]
[]
[]
[]
[]
[]
[]
[]
[]
[]
[]
[]
[]
[]
[]
[]
[]
[]
[]
[]
[]
[]
[]
[]
[]
[]
[8, 12, 52, 98, 111, 144, 146, 218, 268, 283, 383, 391, 397, 632, 670, 681, 778, 792, 800, 1461, 1574, 2098, 2147, 2187, 2188, 2243, 2245, 2291, 2297, 2302, 2308, 2321, 2445, 2484, 2489, 2495, 3090, 3134, 3135, 3137, 3181, 3198, 3258, 3276, 3316, 3402, 3830, 3894, 3910, 3947, 4157]
[]
[]
[]
[]
[]
[]
[]
[]
[]
[]
[]
[]
[]
[]
[]
[]
[]
[]
[]
[]
[]
[]
[]
[]
[]
[]
[]
[]
[]
[]
[]
[]
[]
[]
[]
[]
[]
[]
[]
[]
[]
[]
[]
[]
[]
[]
[]
[]
[]
[]
[]
[]
[]
[]
[]
[]
[]
[]
[]
[]
[]
[]
[572, 1637, 2267, 2277]
[]
[]
[]
[]
[]
[]
[]
[]
[]
[]
[]
[]
[]
[]
[]
[]
[]
[]
[]
[]
[]
[]
[]
[]
[]
[]
[]
[]
[]
[]
[]
[]
[]
[]
[]
[]
[]
[]
[]
[]
[]
[]
[]
[]
[]
[]
[]
[]
[]
[]
[]
[]
[]
[]
[]
[]
[]
[]
[]
[]
[]
[1699]
[]
[]
[]
[]
[]
[1405, 1414, 1705, 1811, 1819, 2619, 2955, 3005, 3514, 3595]
[]
[]
[]
[]
[]
[]
[]
[]
[]
[]
[]
[]
[]
[]
[]
[354, 467, 477, 493, 876, 881, 1020, 1028, 1176, 1183, 1395, 1396, 1505, 1704, 1707, 1720, 1721, 1730, 1732, 1739, 1814, 1937, 1946, 1948, 1949, 1965, 1968, 1970, 2344, 2687, 2693, 2699, 2793, 2802, 2942, 2946, 2949, 2950, 2967, 3068, 3130, 3424, 3596, 3618, 3622, 3692, 3699, 3704, 3988, 4094, 4097, 4118, 4142]
[]
[]
[]
[]
[]
[]
[]
[]
[]
[]
[]
[]
[]
[]
[]
[]
[]
[]
[]
[]
[]
[]
[]
[]
[1746, 1753, 2083, 2366, 2708, 2807, 3426, 3470, 3709, 4022, 4103, 4176]
[]
[1748]
[]
[]
[]
[]
[]
[]
[451, 887, 1050, 1188, 1410, 1517, 1740, 1755, 1816, 1820, 1971, 2543, 2805, 2860, 2963, 3078, 3239, 3700, 3705, 3708, 3741, 3796, 3798, 3799]
[]
[1757, 1760, 2088, 2162, 3628]
[1758, 3470, 3896]
[]
[]
[]
[1762]
[1763]
[147, 241, 295, 296, 297, 323, 712, 715, 806, 1061, 1214, 1764, 1989, 2037, 2038, 2153, 2198, 2205, 2548, 2866, 3085, 3160, 3179, 3745, 3884, 3963, 3964, 4023]
[823, 825, 826, 914, 1249, 1552, 1765, 2000, 2005, 2006, 2042, 2166, 3107, 3535, 3635, 3717, 3718]
[1766, 3720]
[1767]
[835, 936, 1768, 2507, 2561, 4031, 4070]
[]
[]
[1771, 1773]
[]
[]
[]
[]
[1776, 1779, 1780, 1781, 1782, 2978, 2979, 3386, 3725]
[1777]
[1778, 3724]
[]
[]
[]
[]
[]
[]
[]
[1786]
[]
[1788, 1795]
[1789, 1790, 2984]
[]
[1791, 2920, 2986, 2987, 4110]
[]
[]
[]
[]
[]
[]
[]
[]
[]
[]
[]
[]
[]
[]
[]
[]
[]
[]
[]
[]
[1812, 4052]
[]
[]
[]
[]
[]
[]
[]
[]
[]
[1187, 1822, 1972, 1973, 1975, 1976, 2619, 2809, 2858, 3006, 3597, 3598, 3626, 3711, 3960, 4102, 4147]
[]
[]
[]
[]
[]
[]
[]
[]
[]
[]
[]
[]
[]
[]
[]
[]
[]
[]
[]
[]
[]
[]
[]
[]
[]
[]
[]
[]
[]
[]
[]
[]
[]
[]
[]
[]
[]
[]
[]
[]
[]
[]
[]
[]
[]
[]
[]
[]
[]
[]
[]
[]
[]
[]
[]
[]
[]
[]
[]
[]
[]
[]
[]
[]
[]
[]
[]
[]
[]
[]
[]
[]
[]
[]
[]
[]
[]
[]
[]
[]
[]
[]
[]
[]
[]
[]
[]
[]
[]
[]
[]
[]
[]
[]
[]
[]
[]
[]
[]
[]
[]
[]
[]
[]
[]
[]
[]
[]
[]
[]
[]
[1934]
[]
[]
[]
[]
[]
[]
[75, 77, 183, 252, 412, 461, 483, 489, 497, 855, 858, 860, 861, 982, 990, 998, 1002, 1136, 1139, 1153, 1165, 1166, 1169, 1335, 1350, 1355, 1356, 1361, 1362, 1369, 1372, 1485, 1489, 1492, 1495, 1647, 1651, 1655, 1662, 1665, 1666, 1669, 1687, 1722, 1803, 1809, 1915, 1924, 1941, 2077, 2079, 2289, 2314, 2364, 2365, 2587, 2590, 2591, 2594, 2596, 2607, 2665, 2667, 2671, 2672, 2677, 2679, 2696, 2770, 2773, 2778, 2787, 2788, 2794, 2837, 2839, 2845, 2908, 2909, 2919, 2921, 2934, 2939, 2990, 2997, 3052, 3194, 3283, 3288, 3296, 3454, 3458, 3497, 3499, 3571, 3572, 3574, 3578, 3580, 3611, 3668, 3672, 3673, 3674, 3823, 3842, 4007, 4012, 4040, 4042, 4043, 4095, 4134, 4136, 4160]
[]
[]
[]
[]
[]
[]
[]
[]
[]
[]
[]
[]
[]
[]
[]
[]
[]
[]
[187, 1181, 1404, 1406, 1517, 1714, 1940, 1960, 2159, 2200, 2273, 2804, 2855, 2963, 3075, 3150, 3229, 3625, 3689, 3698, 3708, 3918, 3958, 4098]
[276, 362, 558, 1182, 1723, 1815, 1961, 1964, 1969, 2324, 2359, 2431, 3166, 3792, 3793, 3798, 3882, 4141]
[]
[190, 365, 448, 1018, 1371, 1376, 1377, 1386, 1388, 1389, 1396, 1680, 1688, 1689, 1690, 1694, 1696, 1706, 1710, 1718, 1730, 1739, 1806, 1929, 1936, 1938, 1946, 1953, 1963, 2033, 2080, 2081, 2109, 2128, 2344, 2354, 2681, 2692, 2791, 2793, 2797, 2798, 2936, 2946, 2949, 2967, 3057, 3060, 3064, 3130, 3162, 3297, 3505, 3584, 3622, 3677, 3683, 3694, 3697, 3701, 3704, 3785, 3786, 3985, 4011, 4013, 4049, 4051, 4062, 4137]
[]
[]
[]
[]
[]
[]
[]
[]
[]
[]
[]
[]
[]
[]
[]
[]
[]
[359, 480, 1186, 1196, 1415, 1420, 1744, 1745, 1981, 1983, 2085, 2353, 2540, 2622, 2861, 3302, 3471, 3516, 3520, 3743, 4021, 4105, 4106]
[]
[]
[]
[1985, 2090, 2973]
[]
[]
[]
[]
[]
[]
[]
[]
[]
[]
[]
[]
[]
[]
[]
[]
[]
[]
[]
[]
[]
[]
[]
[]
[]
[]
[]
[]
[]
[]
[]
[]
[]
[]
[]
[]
[]
[]
[]
[]
[]
[]
[]
[]
[]
[]
[]
[]
[]
[]
[]
[]
[]
[]
[]
[]
[]
[]
[]
[]
[]
[]
[]
[]
[]
[2051]
[]
[]
[]
[]
[]
[]
[]
[]
[]
[]
[]
[]
[]
[]
[]
[]
[]
[]
[]
[]
[]
[]
[]
[]
[]
[]
[]
[]
[]
[]
[]
[]
[2084]
[]
[1512, 1731, 2086, 2961, 2968, 3594]
[]
[]
[2089]
[]
[]
[]
[]
[]
[]
[]
[]
[]
[]
[]
[]
[]
[]
[]
[]
[]
[]
[2108]
[]
[]
[]
[]
[]
[]
[]
[]
[]
[]
[]
[]
[]
[]
[136, 2123, 2206, 3161, 3384]
[]
[]
[]
[]
[]
[]
[]
[]
[]
[]
[]
[]
[]
[]
[]
[]
[]
[]
[]
[]
[]
[]
[]
[]
[]
[]
[]
[1760, 2088, 2151, 2368, 3469]
[]
[]
[]
[]
[2155, 2156, 2203]
[2157]
[]
[]
[]
[]
[]
[]
[]
[]
[]
[]
[]
[]
[]
[]
[]
[]
[]
[]
[]
[]
[]
[]
[2180]
[]
[]
[738, 798, 2183, 2257, 2317, 2436, 2463, 3865]
[]
[]
[]
[]
[]
[]
[]
[]
[]
[]
[]
[]
[]
[]
[]
[]
[]
[]
[]
[]
[]
[]
[]
[]
[2208]
[85, 2209]
[]
[]
[]
[]
[]
[]
[]
[]
[]
[]
[]
[]
[]
[]
[]
[]
[]
[]
[]
[]
[]
[]
[]
[]
[]
[]
[]
[]
[]
[]
[]
[]
[]
[]
[]
[]
[]
[]
[]
[]
[]
[]
[]
[]
[2254, 2538]
[]
[]
[]
[]
[]
[]
[]
[]
[]
[]
[2265, 3469]
[]
[]
[]
[]
[]
[]
[1037, 2213, 2272]
[]
[2274]
[]
[]
[]
[]
[]
[]
[]
[]
[]
[]
[]
[]
[]
[]
[]
[]
[]
[]
[]
[]
[]
[]
[]
[]
[]
[]
[]
[]
[]
[]
[]
[]
[]
[]
[]
[]
[]
[]
[76, 84, 179, 180, 257, 294, 366, 378, 399, 407, 425, 427, 431, 432, 447, 490, 491, 759, 857, 1349, 1353, 1357, 1359, 1386, 1657, 1663, 1903, 1908, 1917, 2075, 2106, 2130, 2175, 2190, 2221, 2225, 2313, 2331, 2335, 2351, 2363, 2776, 2906, 2910, 3041, 3051, 3056, 3101, 3183, 3575, 3670, 3675, 3821, 3843, 3844, 3944, 4049, 4081]
[]
[]
[]
[]
[]
[]
[]
[]
[]
[]
[]
[]
[]
[]
[]
[]
[]
[]
[]
[]
[2334]
[]
[]
[]
[]
[]
[]
[]
[]
[]
[]
[]
[]
[]
[]
[]
[]
[]
[]
[]
[]
[]
[]
[]
[]
[]
[]
[]
[]
[]
[]
[]
[]
[]
[]
[]
[]
[]
[]
[]
[]
[]
[]
[]
[]
[]
[]
[]
[]
[]
[]
[]
[]
[]
[]
[]
[]
[]
[]
[]
[]
[]
[]
[658, 2397, 2434, 3327]
[]
[]
[]
[]
[]
[]
[]
[]
[]
[2394, 2407]
[]
[]
[]
[]
[]
[]
[]
[]
[]
[]
[]
[]
[]
[]
[]
[]
[]
[]
[]
[]
[]
[]
[]
[]
[]
[]
[]
[]
[]
[]
[]
[]
[]
[]
[]
[]
[]
[]
[]
[]
[]
[]
[]
[]
[]
[48, 69, 125, 134, 147, 176, 177, 233, 235, 241, 243, 246, 248, 250, 295, 296, 297, 320, 323, 332, 423, 424, 464, 651, 691, 695, 709, 710, 712, 715, 716, 806, 814, 815, 816, 897, 899, 900, 901, 902, 903, 904, 905, 906, 908, 910, 1060, 1061, 1062, 1063, 1064, 1065, 1066, 1214, 1215, 1217, 1218, 1219, 1221, 1222, 1223, 1532, 1533, 1534, 1535, 1826, 1989, 1990, 1991, 1992, 1993, 1994, 1995, 1996, 1997, 1998, 1999, 2036, 2037, 2038, 2039, 2041, 2116, 2141, 2153, 2184, 2195, 2198, 2205, 2227, 2312, 2341, 2342, 2393, 2437, 2447, 2453, 2454, 2502, 2503, 2548, 2549, 2550, 2551, 2552, 2553, 2628, 2629, 2714, 2715, 2716, 2813, 2814, 2815, 2816, 2817, 2864, 2865, 2866, 2867, 3085, 3105, 3106, 3160, 3179, 3196, 3197, 3206, 3208, 3255, 3376, 3377, 3379, 3405, 3429, 3430, 3523, 3524, 3525, 3629, 3630, 3631, 3632, 3633, 3744, 3745, 3802, 3803, 3864, 3873, 3884, 3952, 3963, 3964, 3965, 3966, 3967, 4023, 4024, 4119, 4149, 4150]
[]
[]
[]
[]
[]
[]
[]
[]
[]
[]
[]
[]
[]
[]
[]
[]
[]
[]
[]
[]
[]
[]
[278, 335, 338, 862, 870, 876, 880, 881, 1012, 1019, 1028, 1031, 1173, 1175, 1397, 1407, 1505, 1508, 1511, 1516, 1700, 1707, 1713, 1719, 1720, 1732, 1810, 1937, 2476, 2533, 2611, 2697, 2802, 2846, 2935, 2950, 3067, 3074, 3191, 3242, 3259, 3392, 3396, 3424, 3459, 3464, 3466, 3510, 3587, 3589, 3592, 3616, 3618, 3691, 3692, 3699, 3988, 3991, 4050, 4090, 4091, 4097, 4118, 4142]
[]
[]
[13, 55, 62, 105, 122, 279, 346, 470, 596, 672, 737, 742, 807, 809, 974, 2022, 2217, 2479, 2480, 2496, 3093, 3854, 3866, 3948, 3949, 3950]
[]
[]
[]
[]
[]
[]
[]
[]
[]
[]
[]
[]
[]
[]
[]
[]
[]
[]
[]
[]
[]
[]
[]
[]
[]
[]
[]
[]
[]
[]
[]
[]
[]
[]
[]
[]
[]
[]
[]
[]
[]
[]
[]
[]
[]
[]
[]
[]
[]
[]
[]
[]
[]
[]
[1405, 1972, 2534, 4102]
[]
[]
[2537, 3337]
[]
[]
[]
[]
[2542]
[]
[1821, 2544, 3082]
[]
[]
[]
[]
[]
[]
[]
[]
[]
[]
[]
[]
[]
[]
[]
[]
[]
[]
[]
[]
[]
[]
[]
[]
[]
[]
[]
[]
[]
[]
[]
[]
[]
[]
[]
[]
[]
[]
[]
[]
[]
[]
[]
[]
[]
[]
[]
[]
[]
[]
[]
[]
[]
[]
[]
[]
[]
[]
[]
[]
[]
[]
[]
[]
[]
[]
[]
[]
[]
[]
[]
[]
[]
[]
[]
[]
[1405, 1819, 1972, 1975, 1976, 1979, 2083, 2619, 2621, 2807, 2858, 3470, 3597, 3598, 3626, 3990, 4102, 4147]
[]
[2623]
[2624, 2863]
[]
[]
[]
[]
[]
[]
[]
[]
[]
[]
[]
[]
[]
[]
[]
[]
[1266, 1268, 1271, 2641]
[]
[]
[]
[]
[]
[]
[]
[]
[]
[]
[]
[]
[]
[]
[]
[]
[]
[]
[]
[]
[]
[]
[]
[]
[]
[]
[]
[]
[]
[]
[]
[]
[]
[2675]
[]
[]
[]
[]
[]
[]
[]
[]
[]
[]
[]
[]
[1148, 1150, 1161, 1167, 1799, 2688, 3617]
[]
[342, 349, 872, 996, 1001, 1005, 1006, 1007, 1008, 1016, 1018, 1158, 1159, 1171, 1172, 1179, 1348, 1352, 1364, 1377, 1396, 1499, 1502, 1648, 1661, 1674, 1677, 1686, 1689, 1696, 1697, 1698, 1706, 1715, 1725, 1733, 1734, 1798, 1801, 1804, 1805, 1806, 1927, 1942, 1956, 2080, 2081, 2109, 2526, 2531, 2598, 2599, 2606, 2611, 2681, 2682, 2690, 2692, 2693, 2785, 2786, 2791, 2793, 2795, 2798, 2799, 2838, 2842, 2844, 2846, 2849, 2850, 2917, 2936, 2967, 2995, 3001, 3130, 3167, 3419, 3460, 3464, 3502, 3506, 3581, 3585, 3622, 3681, 3694, 3733, 3736, 3737, 3786, 3824, 3984, 3985, 4009, 4010, 4013, 4014, 4015, 4018, 4062, 4116, 4138]
[]
[]
[]
[]
[]
[]
[]
[]
[]
[1198, 1522, 1523, 2700]
[]
[]
[]
[]
[]
[]
[2707, 3518]
[]
[1750, 1759, 2709]
[]
[]
[]
[]
[]
[]
[]
[]
[]
[]
[]
[]
[]
[]
[]
[]
[]
[]
[2728]
[]
[]
[]
[]
[]
[]
[]
[]
[]
[]
[]
[]
[]
[]
[]
[]
[]
[532, 534, 535, 553, 603, 604, 607, 613, 614, 633, 648, 652, 771, 837, 839, 964, 1094, 1099, 1100, 1107, 1270, 1273, 1274, 1275, 1278, 1279, 1283, 1459, 1563, 1566, 1568, 1572, 1576, 1578, 1590, 1775, 1846, 1850, 1851, 1852, 1854, 1856, 2014, 2121, 2329, 2411, 2430, 2514, 2516, 2745, 2746, 2748, 2749, 2827, 2877, 2880, 2882, 3023, 3024, 3026, 3027, 3207, 3251, 3321, 3332, 3333, 3344, 3346, 3349, 3350, 3353, 3372, 3412, 3483, 3544, 3547, 3549, 3641, 3647, 3648, 3752, 3754, 3953, 4033, 4071, 4073, 4121, 4122, 4123, 4124, 4158, 4166]
[]
[]
[]
[]
[]
[]
[]
[]
[]
[]
[]
[]
[]
[]
[]
[]
[]
[]
[]
[]
[]
[]
[]
[]
[]
[]
[]
[]
[]
[]
[]
[]
[]
[]
[]
[]
[]
[]
[]
[]
[]
[]
[]
[2790]
[]
[]
[]
[]
[]
[]
[]
[]
[]
[188, 1029, 2473, 2487, 2603, 2691, 2800, 2852, 3264, 3508, 3620, 3918, 3958, 4055]
[2801]
[]
[]
[]
[]
[]
[]
[]
[]
[2810]
[2811, 2863]
[]
[]
[]
[]
[]
[]
[]
[]
[]
[]
[]
[]
[]
[]
[]
[]
[]
[]
[]
[]
[]
[]
[]
[]
[]
[]
[]
[]
[]
[]
[]
[]
[]
[]
[]
[349, 995, 1005, 1158, 1161, 1163, 1167, 1172, 1345, 1371, 1388, 1478, 1494, 1799, 1801, 1936, 2781, 2791, 2795, 2798, 2838, 2844, 2847, 2928, 2991, 3421, 3422, 3460, 3581, 3585, 3735, 3737, 4009, 4010, 4011, 4013, 4015, 4047, 4062]
[]
[]
[]
[]
[]
[]
[2854, 3072]
[]
[2616, 2856]
[]
[]
[]
[]
[]
[1754, 2862, 2863, 3007, 3961]
[]
[]
[]
[]
[]
[]
[]
[]
[]
[]
[]
[]
[]
[]
[]
[]
[]
[]
[]
[]
[]
[]
[]
[]
[]
[]
[]
[]
[]
[]
[]
[]
[]
[]
[]
[]
[]
[]
[]
[]
[]
[]
[]
[]
[]
[]
[]
[]
[]
[]
[]
[]
[]
[376, 1916, 2602, 2916, 3784]
[]
[]
[]
[]
[]
[]
[]
[]
[]
[1360, 1366, 1387, 1673, 2904, 2915, 2918, 2926, 2992, 3044, 3666, 3684, 4087]
[93, 187, 310, 364, 1023, 1490, 1940, 2473, 2613, 2851, 2927, 2941, 3164, 3203, 3215, 3218, 3229, 3233, 3247, 3294, 3418, 3457, 3583, 3689, 3738, 3918, 4053, 4139]
[]
[]
[]
[151, 161, 259, 575, 858, 860, 861, 1004, 1009, 1024, 1153, 1157, 1169, 1177, 1335, 1362, 1381, 1383, 1492, 1500, 1504, 1656, 1681, 1687, 1712, 1722, 1802, 1809, 1950, 2079, 2266, 2365, 2530, 2594, 2600, 2604, 2607, 2610, 2677, 2679, 2684, 2696, 2789, 2845, 2919, 2930, 2931, 2933, 2938, 2943, 2952, 2996, 2997, 3059, 3065, 3066, 3070, 3129, 3286, 3288, 3310, 3423, 3456, 3458, 3504, 3507, 3574, 3578, 3580, 3619, 3676, 3680, 3782, 3789, 3879, 3897, 4084, 4136, 4175]
[]
[]
[]
[]
[]
[872, 1159, 1364, 1396, 1502, 1686, 1697, 1710, 1942, 1947, 1956, 2080, 2081, 2686, 2797, 2937, 2942, 3581, 3585, 3622, 3786, 4009, 4011, 4013, 4062, 4085]
[]
[]
[366, 407, 411, 1140, 1150, 1161, 1167, 1336, 1340, 1357, 1363, 1368, 1487, 1494, 1652, 1653, 1657, 1663, 1668, 1914, 2075, 2129, 2351, 2666, 2669, 2674, 2776, 2779, 2780, 2784, 2940, 3000, 3041, 3051, 3101, 3575, 3617, 3670, 3781, 4047, 4061]
[]
[]
[]
[]
[]
[]
[]
[]
[]
[]
[467, 469, 2951, 2965, 3069, 3235, 3710]
[]
[]
[]
[]
[]
[]
[]
[]
[]
[]
[]
[]
[]
[]
[]
[]
[]
[]
[2970]
[]
[]
[]
[1753, 2708, 2974, 4176]
[]
[]
[]
[]
[]
[]
[]
[1790, 2982]
[]
[]
[]
[]
[]
[]
[]
[]
[]
[]
[2993]
[]
[]
[]
[]
[]
[]
[]
[]
[]
[]
[]
[]
[]
[]
[3008]
[]
[]
[]
[]
[]
[]
[]
[]
[]
[]
[]
[]
[]
[]
[]
[]
[]
[]
[]
[]
[]
[]
[]
[]
[]
[102, 2182, 3034, 3876]
[]
[]
[]
[]
[]
[]
[]
[]
[]
[]
[]
[]
[]
[]
[]
[3050]
[]
[]
[]
[]
[]
[]
[]
[]
[]
[]
[]
[]
[]
[]
[]
[]
[]
[]
[]
[]
[188, 1011, 1014, 1015, 1017, 1029, 1039, 1185, 1378, 1384, 1509, 1670, 1675, 1683, 1701, 1716, 1717, 1731, 1808, 1928, 1943, 1945, 2473, 2601, 2613, 2698, 2941, 2948, 3003, 3071, 3144, 3147, 3215, 3233, 3457, 3582, 3583, 3591, 3620, 3621, 3686, 3703, 4053, 4054, 4064, 4098, 4117, 4139]
[]
[]
[]
[]
[]
[]
[]
[]
[3080]
[3081]
[]
[]
[]
[]
[1434, 3086]
[]
[]
[]
[]
[]
[]
[]
[]
[]
[]
[102, 230, 257, 432, 446, 447, 738, 759, 1591, 2182, 2331, 2463, 2522, 3097, 3240, 3391, 3876, 3944]
[]
[]
[29, 1129, 2656, 2988, 2989, 3100]
[]
[]
[]
[]
[]
[]
[]
[]
[]
[]
[]
[]
[]
[]
[]
[]
[]
[]
[]
[]
[]
[]
[]
[]
[]
[]
[]
[3128]
[]
[]
[]
[]
[]
[]
[]
[]
[]
[]
[]
[3140]
[]
[]
[]
[]
[]
[]
[]
[]
[3149]
[]
[3151]
[]
[]
[]
[]
[]
[]
[]
[]
[]
[]
[]
[]
[]
[]
[]
[]
[]
[]
[]
[]
[]
[]
[]
[]
[]
[]
[]
[]
[]
[]
[]
[]
[375, 1042, 2107, 2622, 3076, 3184, 3743, 3989]
[]
[]
[]
[1823, 3188, 3993]
[]
[]
[]
[]
[]
[]
[301, 599, 761, 2223, 3195]
[]
[]
[]
[]
[]
[]
[341, 579, 3202]
[]
[]
[]
[]
[]
[]
[]
[]
[]
[]
[]
[]
[]
[754, 3182, 3216, 3224, 3857]
[]
[]
[]
[]
[]
[]
[]
[]
[]
[]
[]
[]
[]
[]
[]
[]
[]
[]
[]
[]
[]
[]
[]
[]
[]
[]
[]
[]
[]
[]
[]
[]
[]
[]
[]
[]
[]
[]
[]
[]
[]
[]
[]
[]
[]
[]
[]
[]
[]
[]
[]
[]
[]
[77, 351, 1350, 1356, 1626, 1888, 1920, 1924, 2031, 2314, 2340, 2596, 2778, 2787, 2939, 3040, 3052, 3053, 3124, 3256, 3270, 3339, 3573, 3579, 3898, 3983, 4134]
[]
[]
[]
[]
[]
[]
[]
[]
[]
[]
[]
[]
[]
[]
[]
[]
[]
[]
[]
[]
[]
[]
[]
[]
[]
[]
[]
[]
[]
[]
[]
[]
[]
[]
[]
[]
[]
[]
[]
[]
[]
[]
[]
[]
[]
[]
[]
[]
[]
[]
[]
[]
[]
[]
[]
[]
[]
[1649, 1658, 1693, 3048, 3328, 3368, 3915, 4132]
[]
[]
[343, 512, 540, 671, 1464, 2061, 2228, 2282, 2286, 2386, 2413, 2428, 2513, 3187, 3266, 3292, 3331, 3869]
[]
[]
[]
[]
[]
[]
[]
[]
[]
[]
[]
[]
[]
[]
[]
[]
[]
[]
[]
[]
[]
[]
[]
[]
[]
[]
[]
[]
[]
[]
[]
[]
[]
[]
[]
[]
[]
[]
[]
[]
[]
[]
[]
[223, 511, 2215, 2247, 2385, 2443, 2513, 3186, 3227, 3307, 3322, 3374, 3375, 3385, 3925]
[]
[]
[]
[]
[]
[]
[]
[]
[]
[]
[]
[]
[3006, 3388]
[866, 1916, 3389]
[]
[]
[]
[]
[]
[]
[]
[]
[]
[]
[]
[]
[]
[]
[]
[]
[]
[]
[]
[]
[]
[]
[]
[]
[]
[]
[]
[]
[]
[]
[]
[]
[]
[]
[]
[]
[]
[3427]
[]
[]
[]
[]
[]
[]
[]
[]
[]
[]
[]
[]
[]
[]
[]
[]
[]
[]
[]
[]
[]
[]
[]
[]
[]
[]
[]
[]
[]
[]
[]
[]
[]
[]
[]
[]
[]
[]
[]
[]
[]
[]
[]
[]
[]
[]
[]
[]
[]
[]
[]
[]
[]
[112, 234, 315, 404, 472, 571, 828, 832, 833, 926, 927, 928, 929, 930, 934, 935, 939, 940, 941, 943, 1077, 1081, 1082, 1083, 1085, 1086, 1089, 1090, 1091, 1092, 1095, 1254, 1259, 1260, 1261, 1262, 1265, 1266, 1268, 1269, 1271, 1272, 1277, 1444, 1445, 1446, 1448, 1451, 1456, 1560, 1561, 1562, 1563, 1564, 1565, 1566, 1567, 1770, 1772, 1839, 1840, 1843, 1844, 1845, 1848, 2008, 2012, 2047, 2055, 2111, 2142, 2238, 2370, 2374, 2510, 2560, 2562, 2564, 2568, 2569, 2570, 2636, 2637, 2638, 2640, 2733, 2737, 2739, 2740, 2741, 2742, 2743, 2822, 2823, 2977, 3016, 3018, 3020, 3021, 3113, 3114, 3253, 3333, 3355, 3411, 3438, 3439, 3478, 3479, 3480, 3481, 3483, 3539, 3540, 3543, 3545, 3546, 3547, 3639, 3640, 3642, 3643, 3645, 3646, 3751, 3752, 3753, 3815, 3973, 3976, 4000, 4030, 4069, 4121, 4153, 4154, 4155, 4158, 4166]
[]
[]
[]
[]
[1112, 2766, 3486, 4084]
[]
[]
[]
[]
[]
[]
[]
[]
[]
[]
[]
[]
[]
[]
[]
[]
[]
[]
[]
[]
[]
[]
[]
[]
[]
[]
[]
[]
[]
[]
[]
[]
[]
[]
[]
[]
[]
[]
[]
[]
[]
[]
[]
[]
[]
[]
[]
[]
[]
[]
[]
[]
[]
[]
[]
[3542]
[]
[]
[]
[]
[]
[]
[]
[]
[]
[]
[]
[]
[]
[]
[]
[]
[]
[]
[]
[]
[]
[]
[]
[]
[]
[]
[]
[]
[]
[]
[]
[]
[]
[]
[]
[]
[]
[]
[]
[]
[]
[]
[]
[]
[]
[1947, 3588]
[]
[]
[]
[]
[3593]
[]
[]
[]
[]
[]
[3599]
[]
[]
[]
[]
[]
[]
[]
[]
[]
[]
[]
[]
[]
[]
[]
[]
[]
[]
[]
[]
[]
[]
[]
[]
[]
[]
[]
[]
[]
[]
[]
[]
[]
[]
[]
[]
[]
[]
[]
[]
[]
[]
[]
[]
[]
[]
[]
[]
[]
[]
[]
[]
[]
[]
[]
[]
[]
[]
[]
[]
[]
[]
[]
[]
[]
[]
[]
[]
[]
[]
[]
[]
[]
[]
[]
[]
[]
[]
[]
[]
[]
[]
[]
[]
[]
[]
[]
[]
[]
[]
[]
[]
[]
[]
[]
[]
[]
[]
[]
[]
[]
[]
[]
[]
[]
[]
[]
[884, 1522, 1728, 1743, 2035, 2617, 2695, 2697, 2703, 2857, 2964, 2966, 3131, 3510, 3511, 3707, 3828, 4019, 4099]
[]
[]
[]
[]
[]
[3713]
[]
[3715]
[]
[]
[]
[]
[]
[2460, 3721]
[]
[]
[]
[]
[]
[]
[590, 628, 967, 1599, 1613, 1614, 1857, 2398, 2750, 2829, 2894, 3661, 3663, 3726, 3728, 3764, 3913]
[]
[]
[1322, 1790, 2984, 3731]
[3732]
[]
[]
[]
[]
[]
[]
[]
[]
[]
[]
[]
[]
[]
[]
[]
[]
[]
[]
[]
[]
[]
[]
[]
[]
[]
[]
[]
[]
[]
[]
[]
[]
[]
[]
[]
[]
[]
[]
[]
[]
[]
[]
[]
[]
[]
[]
[]
[]
[]
[]
[]
[]
[]
[]
[]
[]
[]
[]
[]
[]
[]
[]
[]
[]
[]
[]
[]
[3800]
[]
[]
[]
[]
[]
[]
[]
[]
[]
[]
[]
[]
[]
[193, 3814]
[]
[]
[]
[]
[]
[]
[]
[]
[]
[]
[]
[]
[3827]
[]
[1820, 2963, 3075, 3515, 3625, 3708, 3712, 3799, 3826, 3829]
[]
[]
[]
[]
[]
[]
[]
[]
[]
[]
[]
[]
[]
[]
[]
[]
[]
[]
[]
[]
[]
[]
[]
[]
[]
[]
[]
[]
[]
[]
[]
[579, 3861, 3863]
[]
[]
[]
[]
[]
[]
[]
[]
[]
[]
[]
[]
[]
[]
[]
[]
[]
[]
[]
[]
[]
[]
[]
[]
[]
[]
[]
[]
[]
[]
[]
[]
[]
[]
[]
[]
[]
[]
[]
[]
[]
[]
[]
[]
[]
[]
[]
[]
[]
[]
[]
[]
[]
[]
[]
[]
[]
[]
[]
[]
[]
[]
[]
[]
[]
[]
[3928]
[]
[]
[]
[]
[]
[]
[]
[]
[]
[]
[]
[]
[]
[]
[]
[]
[]
[]
[]
[]
[]
[]
[10, 55, 59, 68, 107, 108, 202, 210, 214, 222, 287, 392, 422, 512, 540, 564, 622, 639, 667, 671, 674, 677, 701, 737, 750, 779, 786, 791, 807, 811, 2061, 2093, 2104, 2118, 2126, 2189, 2215, 2219, 2247, 2300, 2307, 2318, 2319, 2373, 2383, 2386, 2435, 2486, 2492, 2500, 3133, 3176, 3199, 3200, 3273, 3274, 3277, 3290, 3292, 3311, 3312, 3322, 3341, 3345, 3351, 3374, 3397, 3854, 3867, 3869, 3872, 3924, 3932, 3936, 3951]
[]
[]
[]
[]
[]
[]
[]
[]
[]
[]
[3962]
[]
[]
[]
[]
[]
[]
[]
[]
[]
[]
[]
[]
[]
[]
[]
[]
[]
[]
[]
[]
[]
[]
[]
[]
[]
[]
[]
[]
[]
[]
[]
[]
[]
[3996]
[]
[]
[]
[]
[]
[]
[]
[]
[]
[]
[]
[]
[]
[]
[]
[]
[]
[]
[]
[]
[4017]
[]
[]
[]
[]
[]
[]
[]
[]
[]
[]
[]
[]
[]
[]
[]
[]
[]
[]
[]
[]
[]
[]
[]
[]
[]
[]
[]
[]
[]
[]
[]
[]
[]
[]
[]
[]
[]
[]
[]
[]
[]
[]
[]
[]
[]
[]
[]
[]
[]
[]
[]
[]
[]
[]
[]
[]
[]
[]
[]
[]
[]
[]
[]
[]
[]
[]
[]
[]
[]
[]
[]
[4089]
[]
[]
[]
[]
[]
[]
[]
[]
[]
[]
[]
[]
[]
[]
[]
[]
[]
[]
[]
[]
[]
[]
[4112]
[]
[]
[]
[]
[]
[]
[]
[]
[]
[]
[]
[]
[]
[]
[]
[]
[]
[]
[]
[]
[]
[]
[]
[]
[]
[]
[]
[]
[]
[]
[]
[]
[4145]
[]
[]
[4148]
[]
[]
[]
[]
[]
[]
[]
[]
[]
[]
[]
[]
[]
[]
[]
[]
[]
[]
[]
[]
[]
[]
[]
[]
[]
[]
[]
[]
