0
1
2
4
17
24
27
31
32
43
50
67
81
129
132
163
164
165
167
170
236
274
275
510
520
578
645
660
746
891
999
1048
1049
1051
1145
1154
1200
1201
1209
1210
1216
1398
1416
1417
1428
1528
1762
1763
1771
2051
2108
2183
2334
2407
2854
2982
2987
3518
3732
3928
3996
8
108
2415
82
3923
37
2314
70
391
249
2378
203
73
222
448
3769
307
96
157
160
1041
146
88
225
1018
235
84
171
2643
155
503
766
151
5
2213
168
4145
2157
3
20
591
166
468
3149
3151
3715
6
2536
22
11
355
28
1429
104
205
1725
41
1979
3359
2149
3058
85
15
704
145
3253
2397
52
54
375
2952
109
9
1052
107
3797
1199
1515
147
103
1791
48
26
2542
66
4011
1427
3086
200
1978
58
1512
38
39
1418
3427
648
269
126
3729
231
2623
1207
12
29
1678
162
2541
42
1486
1937
102
2704
34
47
2993
3814
