3947
543
949
700
3249
2452
2305
2751
2346
2554
2550
1071
348
1770
3436
442
141
2438
2310
2189
560
2582
268
308
542
2052
2415
3452
1640
2659
2657
106
2581
3065
2487
1803
2024
2994
4170
3239
3882
2860
1505
1729
2689
4058
2620
2806
3712
2622
3826
3418
1322
3262
1994
2711
1063
281
2510
818
3862
747
2575
4002
4038
3023
85
2431
2277
2322
231
3138
631
591
2443
448
2772
3889
183
1702
3842
2527
3825
1386
66
153
769
1976
2705
95
282
3343
385
3292
2242
3119
3795
1037
2206
3180
469
1031
3857
892
2546
1940
276
2855
761
1662
301
2213
2223
572
375
372
2107
2525
1781
3293
754
3182
887
3848
2535
2078
376
1929
3788
3508
363
3851
446
179
2830
2271
1476
1326
2907
2758
810
262
775
2568
1075
2014
378
2155
2182
593
1670
3929
524
2412
961
511
2186
2275
2335
3060
2538
2463
2892
2436
587
599
2231
484
985
365
3126
335
866
3164
2179
1672
1030
3741
2938
615
123
705
2917
995
2300
2056
1968
2617
3691
886
3512
3468
1042
3796
2539
466
3798
3799
554
3893
4003
77
3300
1510
3076
2200
229
318
3098
1406
454
3075
2345
3896
1019
3701
3103
2175
2361
447
3931
1685
556
136
3384
525
650
2381
523
611
2756
1619
2519
3048
1684
1682
2613
2409
1736
2395
658
3368
780
723
807
512
3759
240
3118
1896
1747
3077
2333
3794
1728
1810
2841
3990
273
1972
3845
2460
2466
3200
2496
2386
1466
29
1122
266
976
1914
1480
2605
871
3462
504
3576
2609
1029
3004
2961
1157
1512
2803
3069
3714
2082
3716
2062
2649
3651
2572
4036
3413
1125
2837
1112
3562
2523
3887
1350
3259
1697
2966
1955
1737
1816
3166
1983
3072
369
1405
2807
1191
3131
1523
3426
2704
4103
3079
1818
2710
1204
2972
3960
4168
1312
3506
1478
1502
1799
4133
4010
1958
2962
1198
1753
3739
4176
1754
1749
1756
1821
1759
1425
3628
1750
3627
4105
4105
1529
1823
3543
2509
2055
833
2743
2977
1307
2750
2767
2904
3778
3666
1614
1664
628
1638
1300
1651
3980
1356
1364
3615
1006
4132
2929
3567
4082
3687
2531
2614
1719
3241
1814
884
2956
3516
4021
3033
2512
1889
2912
2925
1141
3989
1813
1190
2708
2245
3894
3316
2267
1819
1811
1414
2950
2344
1020
4022
3470
1050
1760
2088
296
2866
3085
823
2006
2000
4070
2507
835
3725
2984
1790
4110
2987
2619
3711
3006
2919
2077
1722
187
3229
3130
1196
1745
1731
2968
3161
3469
2257
738
798
3844
257
2434
2394
3206
1999
2342
3464
1508
3866
2022
4102
3082
3626
1979
2863
1266
1268
1271
1150
1161
1148
4018
996
1725
1522
3333
1856
3483
3958
3264
3918
1345
4015
1936
2616
3007
2602
1916
3684
1387
310
2473
2851
3059
2679
1681
872
4011
2686
3617
407
3710
467
102
3876
1011
1716
1434
2331
2656
2989
3743
579
341
3040
2939
1888
3915
1693
2513
2286
343
3925
3374
3307
3546
4166
4084
2766
1947
1743
2695
2894
2398
193
3863
202
2215
3854
