0
1
2
4
5
6
14
15
19
22
23
24
27
31
32
33
34
36
42
45
46
50
67
70
71
73
79
81
83
86
89
94
109
116
128
129
132
142
148
152
154
157
159
163
164
165
166
167
169
170
172
181
184
185
186
192
194
198
201
224
236
256
258
264
265
270
274
275
277
284
285
292
307
312
313
316
322
334
340
344
355
356
357
358
371
373
389
418
420
445
450
452
468
478
494
506
509
510
514
520
526
530
551
557
641
660
668
678
688
740
746
749
755
760
763
773
788
845
854
863
865
873
877
878
882
883
888
891
898
945
962
965
980
986
999
1021
1034
1035
1036
1041
1043
1044
1045
1047
1048
1049
1051
1052
1098
1105
1145
1154
1156
1162
1174
1184
1192
1193
1195
1197
1199
1200
1201
1202
1203
1205
1206
1207
1208
1209
1210
1216
1257
1264
1298
1323
1324
1329
1334
1337
1342
1358
1374
1394
1398
1400
1416
1417
1419
1423
1426
1428
1468
1493
1521
1524
1528
1530
1574
1637
1699
1705
1721
1746
1748
1755
1757
1758
1762
1763
1764
1765
1766
1767
1768
1771
1776
1777
1778
1786
1788
1789
1791
1812
1822
1934
1941
1960
1961
1963
1981
1985
2051
2084
2086
2089
2108
2123
2151
2156
2157
2180
2183
2208
2209
2254
2265
2272
2274
2313
2334
2397
2407
2453
2476
2479
2534
2537
2542
2544
2621
2623
2624
2641
2675
2688
2690
2700
2707
2709
2728
2746
2790
2800
2801
2810
2811
2847
2854
2856
2862
2916
2926
2927
2931
2937
2940
2951
2970
2974
2982
2993
3008
3034
3050
3071
3080
3081
3086
3097
3100
3128
3140
3149
3151
3184
3188
3195
3202
3216
3270
3328
3331
3375
3388
3389
3427
3481
3486
3542
3588
3593
3599
3707
3713
3715
3721
3728
3731
3732
3800
3814
3827
3829
3861
3928
3951
3962
3996
4017
4089
4112
4145
4148
