12139
11534
7578
5629
13097
14602
1155
6188
12886
3300
125
4345
6629
12776
2694
8627
8822
181
1848
5360
13208
11387
6068
14281
1371
11835
10036
8010
6283
12963
12919
3659
14868
8357
6152
1450
14680
2777
2453
7272
8111
3468
14876
4173
9551
5409
11120
9493
10871
8230
8006
5931
8220
861
5406
7633
7454
3744
12036
2664
11891
11951
1842
6860
4324
6071
2812
10013
10717
6557
12264
12352
9975
5401
7223
4189
400
14306
9594
12624
13218
5539
5263
2642
9266
8562
2038
5310
9838
13400
14019
9726
2466
7573
13062
9099
9899
4672
1117
8253
1765
6484
9008
13150
5981
7336
4418
11236
6678
3762
9043
7232
3384
8436
9378
11439
12496
5375
9847
2783
6939
6298
9871
11713
1699
3978
2320
6524
953
14170
198
3620
9999
1128
12231
7237
11854
5037
9686
14342
4824
2393
1578
12381
14783
5065
8832
283
6986
14973
5892
9135
13602
609
10496
7149
2804
3904
4073
408
8380
8272
5114
66
4510
9831
13531
9943
5444
365
734
3119
5635
5352
2947
5008
10088
108
14287
13386
11141
9902
12476
2621
14336
12504
1661
11920
8929
6838
12866
10119
203
2769
10168
13914
4924
13759
14161
8445
648
8198
9909
11944
140
7694
10612
5983
14613
5665
2618
10283
1671
2964
1946
4174
2362
7925
300
9876
11860
4300
3643
12617
2173
7205
6015
646
10525
4130
3102
5502
6149
6056
1227
14795
14251
13550
8265
3001
4827
6022
9120
8619
10469
10103
6569
6620
14049
9092
13811
14471
2437
7257
9390
9631
9783
6808
784
6510
5370
10920
2629
4714
239
2288
1683
213
10783
213
7614
2596
7614
10246
5132
9485
11451
9777
6378
11204
3541
9159
5415
4979
2178
8306
2117
3385
973
13112
13024
14113
14849
14023
9319
12305
476
2623
14325
6914
7958
10134
13132
1362
1738
5024
6462
5225
10021
8736
7124
14807
8430
9779
7187
13348
1755
12976
14748
8922
6276
9316
11614
3597
13578
6909
488
14319
182
12853
9598
10455
10101
3588
2481
6772
10444
12654
2865
12418
1251
4042
652
359
13391
10876
7408
10323
7132
9456
5822
1438
3272
7862
13606
4346
3258
9711
10516
13886
11563
14013
8071
10712
14328
3947
4258
4101
14510
4626
9857
11485
2023
265
13193
6519
344
10938
12190
2864
9891
14085
1993
6330
7432
10330
8984
5588
14584
11075
463
1093
3840
13029
10022
3158
9634
12740
758
3522
12422
5194
514
8206
13998
6802
3937
9297
13537
8781
6101
14070
12137
12643
4513
8786
4417
2916
8231
2916
192
5565
8896
9089
4081
13145
5795
6570
13729
12612
10449
11649
12709
12095
11887
14533
11562
14307
13667
12975
1120
9582
3006
849
5047
7098
2767
5285
9898
8080
1646
1290
3408
1374
14651
11091
8027
12374
2499
5348
10483
7998
12769
352
11876
13612
334
2577
600
352
11217
1023
4148
10577
13151
505
1994
3845
6544
14249
9065
13864
13039
4528
12046
13906
12415
12495
13972
8948
9877
14042
12227
3524
12619
1901
11119
3024
9459
14008
9501
14233
12684
7706
10901
3380
12841
8184
188
9807
5563
10140
9613
5471
2841
10262
4490
12814
262
11605
11700
8721
9763
2032
13417
751
4139
11937
553
10918
11559
4908
9901
4275
12779
2944
11897
12212
4089
4876
12223
10725
3711
13725
11216
1792
2151
1381
2933
9077
9557
12430
853
13974
1096
9996
1886
11406
14638
13518
6968
4931
6729
7969
1917
3405
14116
5074
14028
14265
6618
14656
7485
13792
6247
12317
13165
596
7944
634
14072
7911
1770
7807
14476
12799
5098
14793
10611
13826
683
1845
5656
12125
12125
4774
7207
11537
2418
1370
2842
13245
2418
7541
9610
11455
4906
7375
14764
12525
12090
1486
10528
2902
13907
2303
2984
8566
13379
8244
6662
4431
8825
14691
3378
1844
2369
6910
12107
13916
11123
9789
5254
10181
12225
12611
9835
5312
9314
4197
1767
12411
11083
8347
6627
6994
8675
14347
3582
12037
8775
7335
7753
14895
4914
2004
460
10112
4649
8189
9959
1778
3115
14842
8700
9154
3331
1975
13160
11779
2031
1269
6832
1005
6837
4994
6315
6145
1472
11392
1753
3327
13765
10011
13184
14998
4017
5910
4646
4589
14192
3891
4722
755
1422
6563
12128
11940
7113
1675
5814
1883
14659
12275
11924
12957
3159
13304
12616
969
9602
749
8998
6083
11983
9384
9586
9268
5655
11862
6123
11004
6588
5101
11331
8088
1356
2398
9356
14540
1703
11663
6820
8668
4498
10524
13253
13777
6559
13581
5050
7963
1027
6079
4886
840
13989
472
7430
8107
3650
5279
5961
12439
5009
3503
8134
5445
6659
5100
10334
14999
1156
1015
5151
11063
9866
14210
9187
7751
1266
5843
6616
1266
700
14886
6092
7368
14903
3359
7705
6196
12180
9615
2230
8622
12421
368
3656
14236
9709
5521
13587
4719
9820
8451
4340
152
14163
9913
14203
10811
391
3791
4177
12213
6646
11831
6459
4859
3994
9106
1952
3461
6697
13072
8813
3046
1482
242
1930
11471
13693
4199
11665
3345
13046
666
6780
666
6674
13601
8396
3253
13863
7617
12637
388
12141
14884
4814
1916
11057
1179
7240
13269
14229
5207
9955
6212
11618
2802
12298
4701
7681
13407
3413
12462
6335
10795
2322
7329
7530
10130
2403
5178
7752
14305
425
14359
11525
2539
3423
3099
12433
629
10332
12909
11603
3866
4360
795
6912
589
2113
4743
9000
7649
6816
12996
13609
8490
4206
10079
11709
7782
1394
5420
200
14093
13033
1812
10416
12700
8799
6917
12168
9359
11026
10643
14994
8086
881
10714
9097
5867
11144
8672
6503
8055
10746
1933
10375
9388
7949
6610
8762
9388
3218
6610
1439
11818
3364
10318
3456
7147
690
14614
2497
13238
1720
10757
13497
6799
990
7301
3426
10459
7542
5826
4131
14156
12927
13324
5552
1414
7140
14535
1802
9236
5187
5043
1659
11545
10056
8952
8974
626
2108
8035
14665
12872
14851
5796
9252
13263
1205
5796
3795
1205
13582
10683
13418
7746
5589
5679
6294
2892
12320
11841
5830
3662
4666
2587
13343
10340
3888
8936
13364
6757
3519
384
8274
13488
11708
2069
11708
7704
2131
11212
13488
4391
5201
10195
7641
4058
14834
4297
12162
976
12517
4010
1587
7278
14056
3108
10826
1387
2268
12644
13523
6773
9648
8217
6971
8238
6918
1415
8370
12731
13567
3265
449
2890
8171
6228
8633
2075
1012
8366
286
7139
9914
2248
4783
3528
14782
6253
12594
7743
3264
11557
10251
5948
5948
10251
5528
2744
10342
12096
4444
3415
6930
4879
13249
12326
14766
9715
12564
5149
12326
6948
6464
13730
3252
8278
13026
14596
13178
7204
509
12555
10540
8902
8620
13668
5350
8907
11194
5432
858
5230
2920
7894
4960
2655
6644
9442
12341
10346
10031
10165
3823
5769
13483
1380
8394
8811
14608
2072
14406
3000
4873
13702
9629
3187
11062
5556
7691
6957
13505
6412
4303
14577
13372
8291
14941
1789
14585
2333
10190
7217
5587
13654
4865
11606
1372
3208
6708
11385
9452
6180
4867
2275
6422
11237
5965
11098
12130
8383
13557
14446
6696
2673
10157
7735
1889
378
14152
3710
10017
2457
3047
4183
4389
1907
13624
5723
7168
5255
587
11339
12789
14852
13631
280
1620
4732
8486
9269
14521
12194
11842
8293
2858
14566
829
402
4231
4330
10407
14066
4105
14792
1899
1090
13756
7539
12671
4045
501
7877
12780
4252
3759
2196
10534
1104
2401
8571
13470
2323
14796
3614
1757
4117
3239
14218
1900
7918
9040
4787
9460
14775
5831
5887
2543
9188
3733
11210
6478
6849
6521
13154
14358
10843
10617
2939
2217
782
11028
2870
14971
330
782
3154
5180
4868
5041
12597
6984
11142
3379
11227
11200
14549
5181
14475
14726
7776
11583
10710
13657
6163
7294
754
10440
10594
8267
12393
11458
2700
1542
12587
6476
11088
12276
6683
1542
5380
10082
14379
2701
12560
8887
14330
11855
6842
7115
2374
11506
11506
6842
12939
606
9616
2410
593
1215
9635
6429
12554
14149
4839
6260
12502
10424
3089
10131
6406
12187
14964
4422
14647
14857
3243
5579
14377
10121
14472
2436
4247
4775
5763
11165
14282
5430
6991
1384
8913
5426
10957
8459
5046
5434
7302
2622
8778
577
5538
7842
1441
1058
13475
13747
12191
6398
13179
8337
452
12263
1979
3719
2330
1091
8148
7901
1178
12148
1943
5416
6093
8089
8688
5742
13466
8261
675
6703
10504
11698
6139
10866
11240
5377
5336
723
3350
6508
10390
11586
11304
3276
14415
14416
12349
12349
5174
8275
5369
10002
12241
2676
12635
3847
3149
7160
291
5475
8679
4792
9325
1605
1003
12123
10536
1858
14141
7092
3166
2987
1669
6686
14407
9776
1691
1718
10931
10481
562
13684
14749
10506
6866
9513
4559
608
10038
1562
9849
3573
12980
3927
6222
4615
1621
4328
13329
1740
5062
4887
7185
2597
7254
2745
2574
1462
328
9335
4885
5018
12701
14754
14412
5901
10787
8090
9897
2856
4133
6436
2934
10737
9965
14477
8809
1162
8788
10374
11360
5863
5112
12366
2289
14144
4826
5248
6976
3107
13834
3086
6641
1331
1043
10211
1707
4150
3496
7039
2431
5541
11315
13607
11289
8336
12491
9400
13520
7159
6401
9587
6431
6576
4136
13568
12505
6029
11394
763
2967
8694
9596
2743
7927
493
13645
6974
1454
698
10773
13152
7789
14962
6432
13310
11978
14266
11637
12930
12618
5344
14421
12173
3397
818
6384
3372
5341
11482
7606
7440
7750
14166
14705
1118
14623
7355
9981
13203
860
1383
3568
1628
7167
3428
6207
14496
11409
11702
14339
10955
6691
11486
11278
11865
12377
10080
9639
10968
13737
8725
6285
1653
9172
6435
2071
5073
2978
12364
9323
9969
14168
4741
9035
8836
8937
12417
6528
8752
9049
1728
10582
2742
6702
14712
1689
6106
14657
13148
1898
6951
12520
1863
8174
11023
13234
6428
2463
13603
8115
13432
10798
14634
434
13308
10270
6038
12545
14309
2826
14002
8290
3959
14945
8908
12246
8046
2776
6054
7620
2107
13201
1237
7889
4472
7755
9292
8266
7500
7200
6048
10828
3756
12193
13363
9381
5706
2771
5974
4282
2476
7674
4409
10164
12265
11522
12459
8318
11753
5746
2419
4473
903
4705
7300
10553
13100
3877
9827
2949
6046
1868
12486
6982
7628
11166
14552
3708
8865
6214
498
13482
10427
10413
4066
7279
5510
9880
7333
14254
12490
13190
11625
7857
4111
11625
883
6328
14138
5486
13515
8545
7986
1688
5243
8592
2613
9679
12826
9105
8007
6993
1573
12436
5559
2492
9468
3271
3812
804
9577
338
8645
1071
9954
11651
5732
5911
5633
1640
11306
14769
10289
9307
13919
3040
10326
12028
4479
8452
2931
10835
358
10637
13169
1557
13296
9908
3626
9386
10844
1105
4584
12019
3083
635
10805
2667
13782
10037
9198
12158
10889
1293
11208
7325
2172
12543
9208
6058
10964
9102
8671
2846
10231
14038
12258
3580
13802
5515
11413
5835
7398
6129
12259
8449
4046
3029
12402
12882
5909
9200
11548
3993
5121
7366
6358
1245
1245
11885
12724
8348
2772
638
3872
4959
11277
8943
12331
1859
3260
7467
13200
12902
13838
2205
2207
8102
2957
14913
10263
13254
4318
3164
8560
4777
2824
8804
2611
6881
3825
6277
551
10232
8707
3498
10604
4848
9520
12824
13670
10517
4578
6997
13117
11811
6453
12146
3921
8015
6303
10906
8131
4555
5599
14003
9320
11722
14989
2707
12697
8346
9320
2707
8443
7089
6069
8759
4590
14216
2511
5054
12203
4365
11827
1271
14264
14277
7225
9403
14277
10493
13674
2822
3284
10864
7924
6661
6316
3550
8712
2518
7126
3879
4620
2781
11163
5697
14177
12995
7777
14949
11249
2033
12155
13469
4152
9230
9625
7899
5165
8460
8741
544
5696
14270
8158
12127
5171
7028
12368
9376
13965
14789
13874
11824
9052
4339
5839
4569
1431
11467
10290
3776
11086
8416
11375
13268
9958
1794
6408
14591
1409
1435
8362
7910
7175
7603
2509
12277
4968
507
10823
13146
7305
5770
14041
3449
7556
13187
4587
4805
541
14179
6737
11646
4878
13788
8614
4728
834
7611
534
10863
6824
13313
7619
12024
14030
710
8796
12438
10300
3181
2980
1944
12027
8313
11921
2710
7169
6445
2918
4811
14289
2924
14337
10791
9703
4387
3966
3608
14111
14381
14774
12696
6704
10282
9855
6590
6788
722
7651
12078
8779
5855
2941
7484
5618
6999
4852
10123
1294
3593
6995
827
5856
9856
9900
2805
1484
1769
6768
7973
9211
14388
8769
8886
12946
11479
4453
8557
3615
9074
3286
9552
11703
859
9518
11507
2679
14968
1332
2326
2549
11043
1116
5741
9209
9164
10353
2677
11371
6609
3644
13812
2970
3974
12614
10015
6779
9044
9621
10628
13797
9868
7277
14486
2671
13136
4659
13543
3288
7531
9617
2006
6008
11388
1204
2177
5274
12706
11945
5490
9860
14694
10313
14765
10958
14223
11374
1810
13500
14010
10409
2324
11821
9935
14561
9754
3151
7340
11852
2062
11219
5782
8154
5052
3103
8154
4323
620
10588
6309
11034
3414
6940
8517
11093
14286
5217
3074
8359
2956
14221
11699
12601
3618
9293
3110
10954
1849
12656
622
3622
11328
5324
13932
11912
2907
13679
2065
7950
1902
2963
3676
10422
11892
13872
2391
2990
4870
9774
9798
14057
11792
7040
7943
11750
1862
2792
13070
4033
10660
5959
2318
4946
5309
12247
6361
10555
1189
6891
13503
1593
3953
3660
13501
4483
1564
6694
6600
6969
7418
12795
6014
7483
3138
1459
2368
6390
13214
1017
13210
12969
1799
6896
13585
4243
3829
7343
12293
13289
3132
9472
5241
3945
2542
2714
9659
11104
8276
14040
10686
1528
13548
1049
4415
9409
12999
5200
2584
10700
8611
14854
13327
12219
10883
5090
3196
9957
9821
11874
7243
2989
13011
13855
2989
14865
2354
1735
1395
4050
8819
3094
9333
8123
12704
10838
4325
9740
14907
8843
3212
6231
7450
482
10100
10351
783
5979
5678
5468
2715
10193
11424
11752
9418
1354
14730
8247
9309
12569
14582
11196
5870
4745
8051
8421
7853
7919
13866
6701
1586
13332
3531
4801
10233
9744
10170
13592
1604
4790
13704
11729
9298
12094
11720
8118
1878
8085
4918
14887
10363
11308
14301
7038
6572
12012
9415
12823
1318
2049
5182
12552
5899
9196
13629
907
8103
14805
2666
13209
2520
6107
13608
6223
12059
3320
1723
8823
12507
11377
6317
14550
8339
5754
2270
5001
9300
14744
9896
4872
10310
11706
9814
1214
2482
14931
7600
14219
4622
10238
9178
13207
6261
3906
1164
13695
13736
7946
7505
686
10248
11189
7216
2725
12175
8534
10680
13748
12175
4015
7413
7989
12812
5244
5206
10341
7019
5612
9555
6486
701
10953
11972
8401
1106
6169
14267
9977
7212
14154
12395
13398
9138
10109
6594
8963
13831
8684
9845
5275
9845
13491
3589
12102
14514
9651
8050
11820
9018
4219
14334
11423
11006
14756
1875
5061
4181
1630
6919
3273
2250
8964
9962
7052
7859
10702
9007
3416
6246
5998
13784
14071
8140
5875
2286
11508
8093
12333
7650
12285
3346
4553
13380
8652
5266
11929
10467
8597
8029
10365
12023
7291
7179
3190
4127
5272
13650
5893
14554
13574
3121
14368
4785
10388
4692
11082
951
8568
2705
4100
9199
14770
5613
9811
2321
6934
7759
4288
9791
1169
5358
13775
7504
1734
14089
14892
6770
12857
13562
5888
5015
14575
4411
5479
4142
1228
6956
1665
12993
5833
8195
2740
9797
14442
1815
1150
8202
9039
6074
8699
12174
6539
5158
7829
3720
2712
7738
9053
9971
12338
13290
13014
4019
7983
11580
4294
13376
3018
8371
2152
11019
6796
1897
10159
747
5094
10963
5858
479
1798
5636
727
10667
1407
13772
6585
14588
1037
5693
8044
12061
13173
12061
5693
12186
13173
1213
3739
12220
699
2976
4304
10693
2561
1641
6133
3105
6742
14930
2325
7826
3671
8243
3773
10222
11332
8426
5686
14504
2317
7453
2008
10358
2192
1187
2359
13055
13008
1588
7695
12792
3146
1355
2768
12757
4581
6911
9156
5131
3228
937
11858
12370
9006
744
5738
14447
8800
5485
8300
11964
14137
13618
6194
6350
2897
6681
4747
4082
2661
7494
12289
4896
6156
9234
12852
9013
10559
6480
5946
13821
6920
8454
1507
7635
6668
8038
14967
11147
2951
14743
7660
14684
7821
9538
3205
3749
936
3766
1275
10272
14872
1987
14500
8986
3850
8960
3360
12480
8039
6632
13383
7979
2310
13909
781
5853
10312
7543
2722
10360
5127
915
8201
1654
3960
13588
9500
8190
7960
6857
10304
13626
1057
8325
8417
9890
1655
8417
5582
11704
11782
12458
14090
6723
12047
2316
2529
10498
5929
11220
2726
5422
3192
1149
3601
1515
7796
662
9262
13534
5574
3135
5834
876
4109
4287
7433
1601
5834
876
3303
8392
2473
6311
4366
9042
6103
14946
7747
14901
6807
845
12610
8299
4942
10850
9010
3322
5724
2517
3088
13818
14800
870
12448
935
12842
12523
12811
6738
1225
14954
13517
11245
10550
12088
4154
10550
13280
10663
3464
13634
5425
4673
2717
8328
8994
14969
3281
2780
3783
12412
13816
11763
2735
1510
13852
5937
3565
6240
3674
6304
9796
14180
13002
6795
6304
8816
9328
4880
3071
11281
6651
3137
8161
8682
5078
1945
3137
1945
8309
12489
13716
5313
4750
11121
9653
4770
9924
9580
5725
9263
7352
11097
6104
8990
8390
1377
2975
3419
13928
12410
1721
4319
11900
6526
10508
6441
5880
7545
2213
14706
7197
10479
6111
4376
5562
10627
11958
11469
2983
9158
12682
13803
6586
663
13590
1051
10276
4760
5461
9091
10833
3606
6062
13975
9218
2021
6053
11817
8653
8400
5396
2005
1224
11529
5558
6868
12844
964
2895
9591
5966
4055
5836
8616
10977
6518
11659
2208
3361
14791
10652
6663
13278
11403
9640
9260
4220
6954
11110
13463
8877
6530
10915
1973
6660
6505
6870
2092
6870
11296
7844
9701
13321
10505
12085
9336
6297
6494
3508
10176
10601
4190
14005
1160
9824
10592
11594
4634
1330
11639
5156
3616
7785
6953
10466
14466
3462
8240
1045
4727
10676
5771
630
6085
10692
10922
4630
3609
14426
5086
13226
7610
12585
5435
12108
7214
1914
974
14640
2649
5063
9186
2977
5809
6042
13089
4357
6208
6958
6766
1797
13393
10624
1563
7261
2181
11228
5672
6144
10890
3831
3929
3450
5536
7400
6923
6926
4274
9174
11813
13287
6057
9233
6002
3278
963
4465
1957
10990
11264
4170
10885
5778
3332
14016
13477
2840
7381
1342
8940
4441
3575
4327
12142
4495
9367
11005
12142
3575
2752
1086
3377
7553
2255
11427
7176
5924
6122
13733
11629
5229
3122
11260
2364
11581
4579
3203
14519
10900
5265
9608
7632
14102
5465
4986
8997
12639
10740
9157
2127
2962
9315
13565
7642
7912
1002
13740
3661
9357
13589
13589
5367
13706
7891
13570
14214
7056
14829
1685
13923
6001
6177
10886
5202
8340
1719
6041
1965
9636
1315
13058
5908
7121
11893
10404
2600
6550
1202
11607
11263
9287
13183
9476
2914
5452
5269
14779
8255
10475
11658
12147
6203
1410
5160
14768
13658
5692
4546
4566
3395
13442
9111
12794
1962
14158
2194
2566
2343
7438
3515
2465
14545
9438
10703
2641
7288
9972
2373
10960
12705
5219
8708
7361
2594
8342
10839
14109
6735
7361
2594
14088
14481
12959
3732
1923
13242
12138
14658
11293
9170
14701
7171
5872
6542
12557
11008
13402
4955
4180
3799
13785
7130
1038
8099
7726
6758
680
4293
2059
5808
3715
12355
4228
12485
9677
10288
14046
10288
2785
14068
10295
8955
12324
13895
2659
14190
9443
14959
1305
5973
8025
10784
6512
2619
9823
5235
1696
7097
7435
14919
8701
7297
5462
12446
3038
12766
12934
14186
10221
9547
4192
13023
7295
11489
6728
11181
7100
12834
13931
2479
4166
11127
7786
14720
10522
6452
4697
2669
14850
12936
685
5223
9502
9114
14326
6059
13311
4232
9251
1265
1866
7616
8483
9722
11173
3603
1322
2204
7202
688
7499
13342
2688
5436
10919
5308
8864
10277
8555
11117
6004
14230
12605
2461
14927
8135
12087
1836
926
4054
9948
6589
5087
3280
645
14147
13211
10489
9583
2158
10744
9699
4904
3941
10859
7183
5104
3741
10888
4385
2788
13671
14034
10742
1278
5922
3204
12171
7152
14228
5045
12428
8324
10875
7522
10024
12386
5903
4475
4011
8770
2246
14859
14400
7875
6190
8693
9755
10971
9755
1358
6136
1877
4898
3368
14776
10431
10431
13164
10453
10966
9404
11378
2607
12749
13688
1190
7267
10105
5386
4337
2328
5386
10105
1567
12712
7664
1140
2998
5019
2961
14810
6174
12829
13680
637
5534
3492
8408
13884
12032
14080
10564
11783
2496
5448
14723
11513
9760
13665
9837
2295
13665
13970
8783
2878
2115
6502
13856
7001
3161
1581
3571
6566
13028
7112
6349
5224
14365
1281
856
7993
8547
10098
11697
6981
3854
5533
4314
9463
5328
10956
6121
10175
1615
14560
3261
4077
12970
13699
4059
13577
10772
7106
11976
2454
8538
12498
5440
11660
5440
5622
14374
10771
3131
11267
1181
8931
8175
12900
12745
7527
12918
6955
6168
14021
2226
7358
7022
10942
8258
10307
4272
5491
2395
10543
2076
14208
9283
4744
12907
13038
5167
13244
13662
10337
14507
1151
10655
11096
4961
8648
10086
10961
3245
4205
2184
5768
3658
10294
7544
3876
1311
8530
1390
4222
12030
12221
7571
12303
14501
3592
6847
2416
14501
14139
7854
14047
2337
9521
11869
4215
5306
1744
14361
2036
14029
2331
9717
12800
3349
8839
4208
12453
3016
2853
14087
2706
3219
10514
4856
7206
797
3521
5238
3811
10831
8551
8505
13251
1846
8794
6631
10169
13030
8871
4685
12457
4449
5195
2836
2869
2042
11879
14259
9057
9399
2911
4758
8988
13341
7029
2562
10935
14487
12385
13122
9672
3176
2778
14513
3645
8868
11330
14642
3369
3171
10793
10633
6485
3095
3171
6410
13149
12425
1710
6692
9759
4200
5714
10499
380
5811
11654
3551
3269
1963
12214
5756
12702
2658
4393
12465
465
13714
924
11901
13172
7813
9666
7745
11273
1780
3348
1480
5031
4374
8462
5951
3407
3723
12311
5484
5846
4604
8574
14077
14240
7016
14943
8441
3308
8096
12940
9853
4574
13420
2399
2628
11712
13743
10090
12632
2685
14474
1618
6670
5889
8730
14435
10389
13338
11288
14655
14178
4838
10760
10541
12692
9911
94
2614
13708
9729
10054
7219
3044
6614
10073
4817
7754
1166
4910
12210
14739
10235
1566
11092
3690
4512
13901
10792
14918
10217
4647
14207
13371
1750
13632
10004
13879
8444
8726
9027
14755
12591
8754
3637
2488
12591
3637
6185
8110
3849
4427
13272
1476
9126
4542
13460
1904
6608
6553
3193
6749
6834
4468
11656
10579
5242
9950
3775
2443
5457
4571
10853
1822
1366
7930
6158
12008
8321
2839
3028
13728
5594
13328
14607
13415
6933
2415
8066
13027
7948
9408
4766
8403
6765
10685
7014
9601
3106
13926
2086
5397
13627
10830
13617
4729
11256
7818
13284
8764
12272
3924
5497
12666
8410
8304
5786
8356
14736
11907
3996
13710
4320
1064
5133
1461
11561
8531
12106
4875
8734
10032
14893
8814
10513
8899
8057
11089
7348
8935
14391
7708
4793
6248
11154
14054
10975
1018
5338
3441
10631
3657
3841
5857
8297
13414
8045
9537
2153
11491
8453
12038
14862
4795
14300
3652
7682
13130
5027
1199
4171
8232
5789
7306
11805
7734
9140
6299
8327
3003
14867
9373
5777
1451
12576
2540
12114
3509
11285
5842
9766
8520
7775
8973
9927
9567
8835
9730
7939
6011
7768
6270
12720
12224
10474
2879
2848
5729
6468
12914
13010
10210
8494
12068
12299
7586
13331
13937
9238
5564
7761
7638
2886
14855
12828
12521
13559
4515
4768
13445
13044
7959
12315
5912
8817
1610
13405
10214
13521
1918
2943
1583
13824
7981
6716
11538
13711
10305
9799
6547
2100
13593
14801
3527
14751
10822
8686
6888
1447
14061
5751
9050
8142
8903
2761
5934
7922
13990
4978
7410
12185
13101
7820
7229
3085
8837
7403
11680
7814
7908
13360
8129
5454
10095
14115
10281
1197
2871
8026
14363
12785
9934
7671
4394
8067
10861
3440
2386
4343
11452
4897
3815
11402
9597
3217
3033
8012
10603
13369
9692
1209
12149
12283
11030
3101
11030
13925
13199
2507
13942
12944
2150
3371
8959
13556
6970
1455
6499
11225
10184
1954
2823
5883
12256
3145
10317
12805
6839
14944
9862
10661
11850
8621
9425
6706
2228
11071
14710
9512
9458
8369
10731
5807
5493
11262
11134
5514
2147
5091
9046
3090
12737
8254
9072
4108
6790
786
3824
3304
7730
3869
14096
5865
14317
13509
9968
13764
2035
7276
1125
7394
5972
10012
6143
14568
10387
6811
4997
12000
5781
10398
6469
6402
5623
4836
4836
4429
875
4401
5068
2199
7707
9912
10094
8130
11787
4663
11040
8033
1218
8322
11760
561
14012
5730
1316
7463
11440
7281
13846
4664
2854
2034
6551
2591
6551
8072
5483
2130
6548
7351
11162
3421
7351
5389
2644
9467
13739
9732
13768
12345
9406
2510
8314
12472
5545
7872
4218
8518
3226
11627
4724
10724
11425
13936
14004
13143
10904
11728
5076
13873
5173
12670
11927
6560
1715
6313
4739
5639
11150
2981
3555
12336
9329
3061
9883
6465
5478
4084
8308
3390
13865
7466
1872
7855
5394
5137
3961
3548
11167
11049
2748
4301
11749
3495
8373
6853
9802
11633
8343
2899
4413
10687
4717
10546
13971
8005
11361
8810
6252
7334
9202
6949
12197
2595
707
11997
10260
1980
7501
7766
6389
9240
4773
2257
13440
2551
5918
4786
4400
12290
13623
6829
8593
4375
7882
14592
7488
12423
2224
4502
9015
5036
11863
5407
5498
10580
4941
8305
8048
12967
1912
3786
6162
4840
8042
14187
4285
4239
3240
6574
13766
2606
1489
8338
2262
8183
8183
2201
9566
4651
12170
12260
13095
3488
2146
2124
1920
2883
7971
8298
3312
9558
2786
9655
7865
10754
7668
7779
5727
5690
4586
2506
4877
8715
7503
8008
13427
5023
11554
6886
14538
7797
6443
3758
143
1612
9150
3794
14131
2396
1915
13790
13233
9473
2571
521
12898
13388
10099
8582
11739
7645
6165
7909
8377
14499
11904
13519
4560
2186
7041
3117
10302
3905
7980
14950
5428
3357
3905
14950
1262
14937
10171
6587
8824
3894
5698
6043
3738
4331
14224
8136
9644
8996
4425
3211
11195
11175
7810
7502
14845
4025
7346
1376
11679
8647
8765
9066
4412
5601
4639
9112
12904
10075
7247
13690
2728
11690
13279
10078
7977
5994
13683
3118
9508
1775
2834
7189
11497
7189
4818
7193
11148
10583
10142
13410
14302
3317
7311
7836
5318
5004
13893
3022
10359
10690
14465
14926
10857
2229
7399
4985
7299
7044
9249
4953
1512
6117
671
7982
13109
11446
11172
1999
8482
6727
6179
11044
4536
2271
11044
4536
6232
7095
4187
7203
5413
12793
8529
611
4981
1198
12928
5750
2807
5364
8331
14024
8404
2912
12367
12181
7976
11276
11326
8617
10247
12615
8341
10450
4621
8164
6064
11232
12257
11138
4612
9220
7146
6215
6215
12851
6947
6762
12455
11568
10689
11672
7881
4907
6783
11366
5895
14633
6636
14423
7479
11905
14537
8829
5388
8740
2747
13107
9239
11041
6344
12416
3682
13953
12645
8182
5293
11184
2830
12864
11870
5512
5346
4650
9993
6376
8399
9169
6198
3454
8945
1607
2567
4262
11788
2355
2592
2440
2264
2572
4295
2734
7442
10428
4052
12627
6211
10439
6302
12429
13036
8776
8629
13717
8487
11773
4754
11794
5302
9401
13373
3497
6044
11070
11495
6871
10436
10832
13545
13610
3314
12291
12282
7566
10151
12207
1809
10614
10743
11359
12454
7118
11430
6818
10256
9225
3995
3853
10880
8692
9354
3952
8642
2665
7287
5712
14539
6695
5295
7497
10285
6778
11066
11741
10766
12979
8635
6844
11103
11114
9431
9431
8820
8541
5330
6898
13908
6242
8411
1990
14189
4351
14571
1600
1448
4178
6327
791
13286
3144
13900
11336
10801
8961
9514
11632
13139
1847
12440
4350
6271
3386
11681
3771
9397
12319
6135
11038
9312
10815
8677
900
1054
13713
2889
4378
10219
7773
2381
11726
10228
2085
13126
1572
8982
4408
2797
3697
11343
5554
11624
12613
5963
11161
6865
5963
6734
2489
4032
7404
8437
8139
8716
4341
7255
12419
9638
4469
7094
2680
11724
14848
12770
1505
5520
570
10978
2991
1513
14821
13976
10329
4211
10891
1635
6418
13860
10067
9742
1335
12071
7181
14291
14129
2799
14293
7945
6314
7630
2814
11918
9510
10799
7663
1530
4061
7027
9801
7994
12890
9028
5349
9611
9296
10385
7347
7518
7591
13213
6099
8930
12621
10275
5701
13779
828
10599
2545
14059
14276
6714
12057
3737
12674
9952
10029
10547
14580
4354
13374
13424
6193
3282
9673
4834
9103
12176
5580
11351
13579
1698
2835
7117
6407
13167
7764
13167
2868
11942
11221
4361
6166
5823
5353
2866
6707
8054
4861
10255
6707
13412
11310
7426
12040
11816
14811
11816
7023
4254
12379
8884
11778
2731
13073
13853
13787
4235
5085
13059
13804
12463
9424
9435
13731
8237
4845
12086
13116
8923
4577
8499
5978
5978
4648
12846
6536
7221
13215
9931
13452
8664
13452
12750
6086
4715
9210
12487
10870
7995
5256
10695
7310
6404
14025
6076
10347
7310
9104
11007
5667
13597
4806
14759
10124
14321
4625
7227
12015
8539
4492
4593
10730
12262
7696
5572
12947
5703
13111
11771
12356
13673
8301
9455
6777
14955
4687
7367
4353
6154
9417
2406
254
10535
6959
8892
5829
5146
664
5819
9983
13390
9559
11600
2370
6021
14654
5605
14612
3125
3632
7913
5648
7516
13526
7417
3804
14728
704
9661
5459
11960
13529
1514
5190
8650
5643
3283
12752
4456
11254
13930
9429
7915
2937
12730
4103
3931
12313
3275
5145
10520
13887
12652
14443
6575
7599
12862
9491
12539
7068
5996
11695
5021
11478
1705
13878
8041
9361
13666
6118
11521
11872
70
14020
3702
10912
1230
12954
13204
10183
7584
3459
5423
13621
13621
12350
8053
5300
10521
4486
9340
4611
6545
14529
12228
584
12876
3246
6012
5209
3438
6828
14601
2915
10926
7887
14354
10533
3802
13938
12729
1608
4778
6028
11187
10908
10308
11187
5040
4310
14671
13227
10688
7580
3925
11734
11868
7965
7317
3045
9143
10849
8263
1007
12178
8680
14527
11878
4912
4024
10402
9988
6978
14104
6425
10226
7677
11079
9487
6087
6467
5489
10810
2999
8507
11823
11957
13079
9575
13191
8591
3473
10552
10265
7111
14569
3595
9960
4595
5186
9377
14255
6819
12062
14234
10788
8630
5289
12267
10279
3068
5191
9850
7385
7840
2074
7104
8389
7155
2988
10364
6352
14981
11814
11292
9852
12650
14244
3851
4748
5378
7465
9181
762
7469
547
8191
12329
100
5155
11399
14279
6987
11051
13726
9142
12820
4270
8469
8855
8257
3822
10185
14983
3655
4874
7928
8058
3655
6097
9317
4903
3387
4307
5988
11644
4820
5560
11762
7834
3451
11715
2371
14627
10571
5400
9985
12236
4423
2729
3875
6444
11192
6580
7013
14271
9606
7698
10519
14014
13140
11595
6489
10425
9830
3430
4842
13563
13648
12109
6438
9813
6506
10701
4326
10993
13065
991
1509
8119
13898
6869
5632
4909
11107
4499
10486
12154
13647
7700
2909
4819
3832
9436
9205
9609
10649
6809
3987
4286
2379
2533
13458
10708
9345
6578
3411
5069
4434
9141
7429
3255
6257
5249
4263
8807
14882
11368
1936
8625
14595
12215
9506
3727
11376
6906
8273
1052
7801
6280
5896
14243
657
3403
3718
9953
11528
5663
3920
3315
12437
12884
5038
6403
13319
5962
5737
11575
9553
4157
13813
10306
13630
6325
13992
11877
10076
10336
4794
14026
11157
2455
12184
13229
6893
11520
2923
3695
11965
13163
13780
3901
3717
10903
5176
4373
9945
2994
3740
8428
624
9515
7188
13110
12163
3111
12683
12798
11599
14541
5917
11721
6216
6931
8750
13357
9003
9025
14037
9748
13987
14098
10780
13108
7434
7689
4800
5111
12698
12483
12243
4948
7035
6827
6929
8320
7904
1256
14819
14873
3324
1771
7929
3035
2723
12741
4562
7624
3399
10937
11325
420
10619
8112
13848
13495
5685
1668
14622
9311
4895
10735
11652
10297
12378
5092
8245
1527
11429
2090
7461
11333
1602
4246
6725
9499
10292
7210
14294
281
13985
11992
3913
9964
5286
8655
12369
13080
8155
10394
7579
7248
14284
7008
6140
9543
10879
11146
11279
8704
14451
10117
13594
5845
5136
10820
6573
4850
12572
8379
11755
4457
5621
12294
14960
9915
10959
11499
13198
10785
11955
9809
14348
8938
9702
6239
8471
6761
11065
13474
14603
4710
3520
5637
2133
1465
3544
13181
3699
4507
7377
10018
13761
10162
12018
4094
7161
6371
13092
5257
8207
10223
10884
4550
5135
13659
14714
6901
1991
8172
3333
6490
8419
12403
6722
10182
6383
10137
5529
6052
13020
495
5812
7184
13960
13045
7758
7241
3478
4333
7101
11345
8513
11031
12447
11511
14422
6365
7992
9299
13052
7605
4781
10429
11806
11052
11608
5213
11177
4580
6034
11438
14699
7550
12471
14132
10205
8850
6197
9190
6927
11247
6036
1673
13091
14460
1485
4764
12004
9647
1546
7582
11460
13527
14404
5453
1222
5987
11717
6171
14380
3860
5721
6495
5721
3751
1523
5002
8859
13060
7884
13297
6282
8905
3701
13156
8965
8017
11106
4519
2432
4681
14413
489
10972
3097
10433
7607
7767
12818
5253
14674
10110
4368
11395
14683
14225
3383
4751
10802
10420
7441
7507
1195
13867
5455
14241
9475
9565
13252
6885
5288
5072
6102
10125
7898
6040
5968
12427
7075
5684
12362
8968
11405
7251
4065
3259
8885
1791
7412
6080
11596
8561
10705
6446
9470
11454
7134
9771
14232
1516
5798
11985
1805
945
12915
7128
4677
4965
1829
12488
5758
7163
2404
7246
7224
5028
8442
11647
12690
7307
12953
10107
14385
193
5548
5088
5897
10936
9355
13551
7703
5674
11634
7374
7354
9998
7589
9119
5446
1231
11666
12788
14678
2524
7678
8533
9380
6851
6150
13000
12211
14048
9228
908
4899
5923
12113
12881
7474
1042
8477
12583
10476
9182
6555
2239
2128
14738
2741
3004
12075
13001
10252
4585
14483
1426
6449
9450
11183
4207
1837
6680
11650
1173
1232
4125
5792
5715
10485
10381
12920
14349
14253
12132
13946
11653
8737
8623
7533
9353
7211
13421
12198
11692
14604
13894
7931
6112
2082
14681
1261
14393
12195
13375
6724
1958
8632
4083
3537
11853
5250
9254
5199
1405
9681
11555
14384
8696
9416
6132
6658
12893
10229
8283
8909
5735
1627
8001
8878
4902
6388
7762
11045
9241
4518
5620
6840
7900
13845
14383
13133
4864
2678
14429
5382
13839
6191
5233
6191
12334
14570
14396
9432
9570
4060
6049
2382
1746
820
2382
1488
8256
7290
5139
905
10218
6640
11890
5652
11867
9534
8656
7551
3784
10733
10860
13798
9844
8744
944
10681
4132
6803
7424
11789
2361
9391
2095
9480
2305
9879
9810
8812
4932
12817
5535
14369
9339
14780
12297
5469
14935
2351
12774
5650
4396
6527
9861
6256
11412
14199
5993
14164
7560
13462
7448
12634
3409
1953
10570
11761
10877
1236
5251
14906
10738
12494
12997
7182
6181
2039
9865
12680
10965
6582
9649
13444
13255
7313
4452
12104
5935
1028
6671
6116
7447
10463
1926
9127
3170
1421
13496
3008
10948
1743
14992
12469
8581
14992
10371
9277
2166
4927
14847
14847
7114
8101
5258
13161
14761
6251
8773
10267
3401
10443
11414
4807
13522
10679
5383
7795
8188
13309
808
8787
13767
9341
13994
6291
5427
8833
4642
6522
4522
7640
3944
14140
2942
14975
5542
11143
11128
5299
12732
9734
11796
6295
3323
6268
9642
7379
11419
10245
2784
7883
1497
5013
8777
12878
10910
4643
11635
6439
11597
1167
6433
4432
13586
4925
9462
3617
12809
10704
12986
7322
5691
13064
10266
13851
8590
7392
11069
8660
13988
7383
3882
2634
11108
11621
14502
8121
2885
14215
11011
12420
9542
9055
11139
3355
8429
9464
12608
4038
6236
5977
14182
10141
12971
6395
13815
2114
7523
5264
6386
12519
5716
6427
11638
6183
11587
14947
9125
13995
3908
13334
13718
13228
1814
6322
9663
8942
11095
11365
14431
13525
2559
9561
14366
14367
13067
3636
7059
10324
4407
14912
10338
942
5578
13829
13833
7892
7719
11136
14511
4503
12528
11711
10085
7867
12941
10651
13349
10632
4655
10065
14817
10396
3578
1895
10974
11657
1359
10172
10818
11657
8702
4762
13041
13175
7672
12873
10128
14632
12052
1813
9324
13125
2756
3777
2096
656
5989
13776
13507
7568
12571
12573
13935
461
13333
10488
7151
3143
2185
4602
13409
6916
414
14370
11922
5208
13473
11428
9780
2703
9365
2733
9750
2692
12304
473
9522
5252
12549
13102
9393
9465
10395
9550
6368
12717
10482
7049
7888
10674
14450
13644
2189
1392
14974
2189
14006
12998
5651
8869
11977
9949
14899
9243
6562
14100
5881
7686
14831
4302
5142
2392
10775
11382
12638
11565
1955
9574
1981
9285
3887
8323
3639
1408
4688
7289
14721
13314
13616
9214
12830
10074
4984
11799
898
14272
9708
10562
2007
9439
11367
13514
5007
9929
14826
3721
3179
10736
10923
9327
14099
11299
7970
5385
7886
7156
1726
1992
2123
8717
6682
3607
9255
12743
7109
13538
7471
8916
14235
14536
13769
8423
6625
13270
4810
14909
12983
9426
5902
13800
13828
4815
14432
5739
13212
8075
6039
6657
9385
6730
11449
13087
14157
9678
4853
10344
12625
12719
9784
7517
11641
1637
11589
5325
3147
12035
9665
8169
2867
7749
6699
4977
10061
13241
12450
8510
13757
12009
9151
6192
6944
13323
12060
12932
13694
13910
1467
13778
13542
10989
12007
14515
2762
3285
11974
12245
11235
6066
12897
13480
1073
12391
1896
11010
11953
4091
12033
3753
5429
11798
6338
11472
9061
6763
11307
7806
14641
8987
10739
9894
103
8906
2859
12565
11669
5532
2948
14250
8667
12753
1850
9026
6067
13485
10986
13326
10114
14814
10167
11176
9712
5718
11432
12026
6263
2982
12217
7356
5913
3692
14329
3299
6082
9607
8872
4603
12648
10343
12723
3677
8141
8074
11362
537
11171
7684
14879
10548
11283
7048
12384
6721
14280
13035
11613
13993
5944
9531
14176
14713
1807
5592
1336
4443
5168
12271
11475
5138
13472
1518
9161
9747
13738
3788
10819
6394
1129
14398
10659
14470
13530
7508
6454
12699
3502
1876
12226
7540
11324
10913
2657
12772
2891
4545
3581
9833
4296
11284
5581
11714
10501
3871
9034
12691
11321
14629
10563
5891
6081
2145
12773
14664
13796
14196
5067
6364
2749
4704
11981
10585
13638
2472
9990
10046
12034
947
14722
13069
12080
14315
3458
7604
14011
3031
11000
11648
10827
12076
14745
3892
775
9289
10645
12988
5472
5644
11168
12140
11882
8782
3772
14094
7186
7376
13724
11323
2828
13524
959
7141
10376
13949
10403
13973
7835
10574
4529
6250
10104
6709
11514
12984
7996
3306
4367
9256
4576
11081
13883
5387
12413
9978
4797
7324
3724
14292
5970
12266
6373
4090
10405
5169
8223
7639
10014
11661
8199
10414
1157
12911
11191
7903
3257
6426
13905
2651
8849
10448
11474
6310
11547
6415
14258
2311
10180
4535
13598
11935
2407
4709
14597
8500
8795
12444
8722
4195
5391
1350
8710
7832
12658
12664
8674
8554
4891
14875
2523
2019
9109
13605
4372
7587
2171
7489
13933
6964
413
413
14125
13854
5708
8524
389
8214
11933
11898
10806
6209
14846
3482
14781
12405
4905
3067
8221
10243
4035
6399
10992
8157
3267
3391
11312
4596
11252
14578
12708
14081
229
9770
9264
5297
2547
14534
11272
2709
8019
522
11628
11373
10269
7968
2372
13939
7196
11145
7235
2637
3923
12288
11411
4021
13206
13382
2111
8386
9002
11881
13043
9762
7511
13056
13709
2460
14707
1831
12675
6746
2126
7593
10153
11300
6822
1014
5117
9767
13896
9175
3781
3148
10969
6286
9280
3183
4480
10111
992
1571
5947
9700
4424
14894
1929
7265
516
5417
6705
10593
11765
13288
3564
6741
10749
842
2121
10196
6935
12005
7452
333
14528
8606
13129
13870
1664
9219
5671
7154
3964
8412
6710
1375
7073
9434
4014
4276
4022
14118
6187
3868
5314
14645
14557
14700
