0
1
2
3
4
5
6
7
8
9
10
11
12
13
14
15
16
18
19
20
21
22
23
24
25
26
27
28
29
30
31
32
33
34
35
36
37
38
40
41
42
43
44
45
46
47
48
49
50
51
52
53
54
55
56
57
58
59
60
61
62
63
64
65
67
68
72
73
74
75
76
77
78
79
80
81
82
83
84
85
86
89
90
91
92
93
95
96
98
99
101
102
104
105
107
109
110
111
112
113
114
115
116
117
118
119
120
121
123
124
126
127
128
129
130
131
132
133
134
135
136
137
138
139
141
142
144
145
146
147
150
151
153
154
155
156
157
158
160
162
163
164
165
166
167
168
169
170
171
172
174
175
176
177
178
179
180
183
184
185
187
189
191
195
196
199
201
202
204
205
206
207
208
209
210
211
212
216
217
218
219
220
221
222
223
224
225
226
227
228
230
231
232
233
234
235
237
238
240
241
243
245
246
247
249
250
251
252
253
255
256
257
259
260
261
263
266
267
269
271
272
273
274
275
277
278
279
282
284
287
288
289
290
292
293
295
298
299
301
303
304
305
306
307
308
309
310
311
312
313
314
316
319
320
321
322
323
324
325
326
329
331
332
335
337
339
340
341
343
345
346
347
348
349
350
351
353
354
355
356
357
360
361
362
364
367
369
370
371
372
374
375
377
379
381
382
383
385
386
387
390
392
393
394
395
396
397
398
399
403
404
407
409
411
412
415
416
418
419
421
424
426
427
429
430
431
433
435
438
441
442
443
444
446
447
448
450
451
453
454
455
459
462
464
466
467
468
469
474
475
477
481
483
485
486
487
491
492
494
497
502
503
506
510
512
515
517
518
520
523
525
526
527
528
529
531
532
533
535
536
538
540
542
546
550
552
556
557
560
564
565
566
567
569
572
574
575
576
578
580
581
582
583
588
591
592
595
599
601
603
604
607
610
612
613
614
615
617
618
625
627
628
631
632
636
639
640
641
642
650
654
659
661
665
667
668
669
670
673
674
676
677
678
682
687
691
692
694
695
703
705
709
711
713
714
716
719
720
721
730
733
735
736
737
738
739
742
743
745
746
748
750
752
753
757
759
761
765
766
767
771
772
773
774
776
777
778
779
780
790
792
793
794
796
800
801
802
803
807
809
810
811
814
815
822
823
830
833
835
836
837
838
839
841
844
847
848
851
854
855
864
866
868
871
872
873
874
877
879
882
884
885
886
887
888
889
890
891
894
895
896
899
902
906
910
911
912
913
916
917
918
920
921
922
925
927
928
929
930
932
933
934
939
943
948
950
952
956
958
961
962
965
967
970
971
972
975
978
979
980
981
983
984
985
987
994
997
999
1004
1006
1009
1013
1016
1020
1021
1022
1024
1025
1030
1033
1035
1036
1041
1044
1047
1048
1050
1053
1055
1065
1066
1067
1068
1069
1070
1075
1076
1081
1082
1083
1084
1085
1088
1089
1092
1094
1097
1098
1100
1101
1102
1107
1109
1110
1111
1112
1113
1114
1121
1123
1124
1132
1134
1136
1137
1138
1143
1145
1146
1147
1152
1153
1163
1168
1170
1171
1175
1176
1183
1184
1185
1188
1191
1192
1193
1194
1200
1201
1206
1207
1210
1211
1212
1216
1217
1223
1226
1229
1233
1234
1235
1238
1241
1242
1246
1247
1248
1249
1255
1258
1259
1264
1267
1268
1274
1279
1280
1282
1283
1285
1286
1288
1292
1296
1297
1298
1300
1304
1306
1307
1309
1310
1312
1313
1314
1320
1321
1323
1324
1327
1329
1333
1334
1337
1338
1339
1341
1343
1345
1347
1348
1351
1352
1357
1360
1361
1363
1368
1369
1373
1379
1382
1385
1388
1389
1391
1399
1400
1402
1406
1411
1412
1413
1416
1417
1418
1423
1427
1428
1430
1432
1434
1440
1442
1443
1449
1456
1458
1460
1466
1469
1473
1477
1479
1481
1483
1487
1490
1491
1494
1496
1498
1499
1517
1519
1521
1525
1537
1538
1540
1541
1547
1548
1553
1554
1556
1561
1569
1574
1575
1585
1589
1595
1599
1603
1611
1614
1616
1617
1619
1622
1623
1624
1626
1629
1632
1633
1638
1639
1647
1649
1652
1657
1658
1660
1662
1663
1672
1674
1676
1677
1678
1680
1682
1684
1686
1687
1692
1693
1694
1700
1701
1702
1704
1708
1716
1717
1722
1727
1729
1731
1732
1733
1737
1742
1748
1749
1754
1760
1772
1773
1774
1777
1781
1784
1786
1793
1800
1801
1803
1804
1808
1820
1821
1823
1825
1826
1838
1841
1851
1852
1854
1860
1864
1865
1874
1880
1881
1882
1885
1888
1891
1894
1903
1905
1910
1921
1922
1924
1927
1934
1937
1938
1940
1941
1942
1947
1950
1951
1956
1960
1961
1964
1967
1969
1970
1974
1976
1977
1983
1998
2002
2010
2012
2013
2014
2017
2043
2046
2047
2051
2052
2053
2058
2060
2066
2067
2068
2070
2073
2077
2078
2079
2081
2084
2088
2089
2093
2094
2105
2109
2110
2112
2116
2118
2119
2120
2132
2135
2136
2138
2140
2142
2148
2154
2157
2159
2161
2164
2169
2170
2175
2182
2187
2190
2191
2198
2209
2215
2216
2218
2220
2221
2222
2223
2225
2232
2234
2236
2242
2244
2247
2249
2252
2259
2260
2267
2272
2277
2278
2281
2282
2283
2285
2290
2293
2296
2300
2301
2302
2306
2312
2313
2315
2327
2329
2334
2339
2345
2349
2358
2363
2365
2376
2378
2385
2402
2408
2411
2412
2413
2417
2420
2421
2425
2427
2428
2429
2433
2438
2441
2445
2446
2450
2451
2452
2458
2464
2468
2470
2474
2475
2483
2484
2490
2491
2494
2502
2503
2504
2505
2512
2513
2519
2521
2525
2526
2531
2534
2535
2546
2548
2555
2556
2558
2560
2564
2565
2568
2575
2576
2579
2581
2593
2598
2599
2603
2604
2608
2609
2612
2615
2617
2624
2626
2627
2633
2638
2643
2646
2648
2653
2662
2663
2681
2682
2683
2687
2690
2691
2693
2708
2713
2716
2724
2727
2732
2738
2739
2750
2753
2754
2755
2758
2760
2766
2770
2787
2789
2793
2794
2800
2803
2808
2817
2818
2819
2821
2825
2832
2838
2843
2850
2857
2860
2863
2875
2882
2887
2888
2893
2896
2900
2904
2908
2917
2925
2928
2932
2936
2940
2945
2954
2958
2959
2966
2972
2985
2986
2993
2996
3002
3013
3019
3025
3026
3027
3034
3041
3051
3052
3053
3055
3065
3066
3070
3072
3073
3075
3077
3079
3081
3082
3092
3096
3098
3104
3109
3114
3116
3124
3140
3142
3153
3160
3162
3165
3167
3168
3169
3173
3174
3178
3180
3182
3188
3189
3194
3195
3199
3202
3206
3209
3229
3237
3241
3247
3251
3256
3270
3277
3290
3298
3305
3307
3310
3313
3316
3321
3328
3329
3330
3336
3338
3339
3342
3353
3356
3358
3363
3370
3373
3374
3382
3389
3402
3417
3420
3425
3427
3433
3436
3439
3452
3460
3465
3469
3471
3472
3475
3486
3489
3490
3493
3504
3506
3507
3513
3514
3518
3543
3546
3556
3558
3559
3562
3566
3567
3572
3574
3579
3585
3586
3598
3621
3627
3641
3646
3649
3653
3664
3665
3666
3670
3672
3673
3685
3686
3687
3707
3709
3713
3725
3726
3731
3742
3746
3764
3769
3779
3793
3798
3800
3801
3803
3819
3826
3842
3846
3855
3857
3858
3867
3880
3881
3886
3890
3893
3896
3898
3899
3900
3903
3909
3926
3930
3932
3939
3942
3948
3954
3968
3970
3971
3973
3980
3984
3999
4006
4018
4020
4023
4026
4028
4034
4036
4041
4053
4056
4062
4063
4067
4076
4085
4088
4096
4099
4116
4118
4121
4122
4124
4126
4128
4129
4137
4141
4146
4149
4151
4153
4159
4162
4175
4182
4186
4191
4202
4209
4210
4212
4223
4225
4234
4241
4249
4257
4261
4267
4269
4271
4273
4305
4306
4313
4335
4342
4352
4362
4363
4364
4381
4382
4384
4395
4397
4398
4402
4403
4405
4410
4442
4450
4451
4455
4461
4463
4464
4466
4484
4494
4505
4506
4509
4517
4530
4532
4538
4543
4548
4557
4558
4563
4564
4568
4594
4597
4598
4600
4601
4607
4610
4623
4628
4632
4637
4645
4654
4660
4662
4667
4678
4682
4683
4691
4693
4703
4706
4718
4721
4726
4730
4753
4756
4757
4759
4771
4788
4802
4804
4808
4809
4812
4828
4829
4837
4844
4849
4855
4858
4860
4871
4882
4883
4890
4893
4901
4913
4937
4944
4947
4949
4951
4952
4956
4983
4988
4990
4991
5003
5005
5011
5012
5025
5030
5032
5033
5034
5035
5053
5055
5056
5079
5080
5084
5089
5095
5109
5116
5120
5124
5126
5128
5129
5134
5141
5147
5148
5150
5175
5183
5184
5185
5188
5205
5210
5212
5222
5231
5234
5236
5246
5278
5291
5296
5301
5303
5315
5320
5332
5340
5347
5359
5372
5373
5379
5399
5412
5418
5419
5439
5442
5443
5450
5463
5473
5474
5481
5487
5499
5505
5507
5508
5516
5518
5524
5537
5546
5567
5568
5570
5571
5573
5597
5603
5606
5608
5611
5614
5647
5654
5661
5680
5687
5688
5710
5717
5719
5726
5734
5736
5743
5744
5747
5753
5759
5761
5762
5764
5779
5793
5794
5801
5815
5817
5820
5837
5840
5844
5860
5862
5868
5874
5882
5885
5886
5898
5904
5906
5919
5927
5938
5942
5952
5953
5982
5995
5999
6005
6006
6009
6010
6016
6020
6025
6045
6055
6063
6065
6077
6110
6119
6125
6126
6130
6131
6142
6147
6160
6172
6173
6200
6205
6213
6218
6224
6225
6230
6238
6262
6264
6269
6275
6287
6288
6292
6293
6300
6308
6332
6334
6340
6351
6360
6372
6374
6379
6393
6400
6411
6416
6417
6423
6430
6434
6461
6466
6472
6477
6491
6513
6532
6533
6540
6556
6558
6565
6567
6568
6571
6583
6584
6597
6598
6599
6603
6606
6613
6617
6623
6624
6635
6638
6648
6666
6669
6676
6685
6690
6698
6700
6718
6726
6740
6743
6744
6750
6752
6756
6771
6782
6784
6786
6800
6821
6830
6833
6843
6852
6858
6862
6874
6877
6882
6883
6894
6897
6899
6902
6903
6904
6921
6925
6936
6963
6967
6972
6977
6980
6983
6985
6990
6998
7002
7005
7032
7033
7034
7042
7043
7051
7064
7065
7074
7076
7081
7093
7102
7108
7116
7120
7127
7133
7142
7143
7166
7174
7201
7209
7213
7222
7228
7233
7236
7239
7253
7256
7263
7293
7314
7318
7327
7331
7342
7363
7371
7397
7401
7407
7419
7428
7444
7446
7455
7457
7459
7475
7476
7482
7498
7509
7514
7521
7528
7537
7561
7572
7601
7608
7612
7615
7621
7622
7629
7636
7643
7657
7662
7670
7683
7701
7711
7716
7717
7718
7721
7723
7724
7739
7771
7791
7804
7831
7841
7848
7860
7863
7866
7874
7876
7878
7879
7902
7926
7933
7934
7937
7954
7956
7961
7962
7966
7975
7984
7997
8009
8016
8021
8028
8037
8047
8049
8056
8061
8062
8082
8094
8100
8104
8105
8106
8120
8122
8125
8127
8186
8205
8209
8216
8218
8219
8251
8279
8284
8287
8292
8295
8312
8317
8332
8344
8355
8360
8388
8398
8422
8424
8438
8450
8456
8458
8461
8463
8465
8476
8488
8491
8492
8501
8514
8546
8548
8559
8564
8569
8570
8576
8577
8580
8588
8602
8608
8615
8661
8678
8705
8709
8711
8735
8743
8745
8747
8760
8768
8771
8805
8827
8838
8841
8852
8862
8873
8874
8880
8911
8926
8928
8949
8956
8975
8977
8985
8993
8999
9004
9005
9017
9037
9048
9056
9062
9064
9067
9068
9078
9079
9080
9087
9088
9093
9096
9116
9121
9130
9133
9144
9147
9149
9155
9160
9183
9206
9226
9242
9248
9258
9271
9278
9286
9305
9338
9342
9343
9358
9360
9402
9407
9414
9421
9422
9445
9449
9454
9471
9482
9495
9498
9503
9507
9523
9541
9563
9571
9599
9603
9604
9620
9650
9664
9668
9671
9685
9687
9725
9764
9785
9804
9812
9816
9825
9839
9875
9881
9882
9907
9926
9928
9930
9956
9961
9980
9994
10000
10023
10055
10057
10058
10063
10115
10132
10133
10143
10158
10177
10187
10192
10199
10216
10220
10225
10241
10259
10271
10278
10291
10303
10311
10327
10350
10356
10372
10377
10378
10399
10406
10411
10457
10458
10480
10484
10494
10507
10532
10539
10554
10557
10558
10581
10607
10609
10634
10641
10678
10694
10696
10699
10707
10720
10726
10729
10745
10747
10752
10758
10777
10796
10797
10808
10814
10825
10836
10847
10851
10852
10855
10872
10874
10878
10894
10905
10914
10930
10934
10949
10962
10982
11003
11009
11012
11017
11022
11024
11027
11060
11061
11067
11077
11084
11112
11113
11122
11140
11158
11198
11207
11209
11222
11241
11246
11259
11298
11303
11329
11334
11348
11357
11369
11372
11400
11415
11418
11426
11453
11459
11484
11519
11526
11531
11532
11550
11572
11574
11579
11585
11588
11590
11591
11611
11612
11626
11640
11645
11671
11673
11676
11685
11691
11719
11730
11757
11777
11785
11800
11804
11810
11822
11851
11886
11910
11941
11954
11967
11991
11993
11994
12003
12016
12031
12049
12054
12055
12081
12101
12103
12111
12126
12129
12134
12136
12150
12182
12196
12199
12222
12234
12238
12240
12270
12274
12308
12327
12342
12344
12348
12375
12383
12388
12392
12398
12404
12406
12434
12445
12452
12466
12474
12493
12499
12500
12530
12535
12537
12541
12578
12581
12609
12623
12663
12676
12681
12715
12721
12738
12758
12759
12768
12808
12832
12843
12847
12854
12869
12874
12895
12901
12906
12943
12952
12956
12958
12968
12974
12977
12994
13019
13034
13066
13084
13086
13093
13115
13121
13134
13147
13168
13189
13196
13235
13247
13257
13260
13292
13312
13330
13335
13336
13337
13352
13361
13368
13370
13392
13403
13404
13406
13413
13436
13454
13456
13467
13486
13490
13492
13493
13498
13504
13506
13540
13613
13639
13642
13652
13677
13686
13697
13701
13751
13754
13770
13774
13793
13819
13835
13836
13843
13847
13876
13890
13941
13945
13958
14001
14007
14009
14027
14043
14051
14064
14092
14105
14106
14117
14123
14126
14128
14169
14183
14197
14198
14205
14213
14247
14311
14350
14353
14395
14411
14430
14438
14453
14491
14493
14522
14530
14547
14555
14574
14576
14583
14599
14620
14624
14673
14676
14685
14688
14704
14729
14742
14784
14785
14797
14799
14808
14813
14822
14828
14874
14928
14965
14980
14982
14997
