1546
1195
590
814
1039
19
599
194
869
519
1127
1072
1201
500
793
572
129
929
454
424
651
1680
52
215
1086
737
231
18
1106
532
984
1530
733
1281
1698
1894
1295
2192
1328
1522
2099
2035
123
1247
68
648
105
144
1338
922
1662
1183
800
769
679
810
1194
1551
1169
466
149
64
34
198
71
107
687
306
1154
1955
261
1577
299
1260
812
43
565
160
353
342
503
822
893
286
159
1670
334
178
787
470
566
889
378
188
989
323
1513
1036
780
846
405
247
540
166
504
525
696
690
1784
857
861
126
1152
135
205
114
180
53
1625
315
31
960
1605
1927
1868
1292
1366
345
1498
2011
1214
928
619
659
852
119
473
60
1414
656
1617
1138
146
1140
1905
1841
1362
1881
2367
906
2098
1812
662
568
700
771
390
268
527
495
61
1031
841
1099
2061
725
311
505
794
320
546
1199
790
438
253
259
421
743
779
1165
277
758
569
477
615
625
597
955
932
1637
1636
1293
1204
1077
2388
1790
32
681
559
463
273
347
47
1200
147
437
1717
1087
675
233
587
528
1747
376
510
2017
773
562
212
316
452
295
848
307
179
820
62
63
834
1004
77
439
409
1180
1856
673
453
72
235
302
346
153
586
686
821
830
385
422
1103
1748
950
795
927
343
1318
457
283
1082
1055
137
940
237
177
379
900
516
103
232
658
789
413
702
290
934
781
1173
349
257
389
936
364
109
113
594
372
444
1021
262
745
498
157
669
863
865
898
1028
133
744
875
1588
2005
412
1053
674
354
642
805
1074
248
1728
742
394
494
1112
155
66
738
518
554
877
241
1009
689
661
1778
243
120
956
1822
1280
747
782
1697
1921
1092
1423
913
1425
1403
1147
127
770
456
621
206
1202
418
110
467
148
2075
1663
870
73
140
816
442
1635
1381
1606
1512
1483
1678
1203
1719
1211
2013
102
584
370
469
214
250
862
576
739
868
338
219
509
571
1885
517
169
511
670
645
680
622
1936
849
246
1463
426
720
465
887
607
992
1283
1062
1767
1609
1324
1934
1458
2036
1974
381
2149
1432
280
185
289
195
550
524
213
611
1864
1102
943
1649
1904
369
309
1591
833
614
117
1956
1999
914
1011
1469
638
322
167
201
301
462
660
577
1520
254
1813
245
823
916
446
643
168
1744
371
533
761
730
513
1026
866
142
373
854
282
252
476
99
838
1518
592
1815
216
217
224
141
688
1528
637
2690
387
1892
1893
1607
1456
1524
1139
723
407
226
98
430
340
1045
408
260
1193
174
497
1016
1114
895
1120
1217
1922
1705
937
1587
249
1562
1054
2047
328
1326
879
951
755
596
375
796
258
847
208
819
760
1564
578
583
1769
1548
1040
574
768
646
2092
1010
628
843
682
1514
557
154
827
775
667
548
1467
923
580
685
1088
1795
1453
1261
1429
1566
1375
836
1191
655
894
981
183
538
828
2881
1282
1673
1421
1870
1839
1869
1521
1461
919
558
270
912
883
892
192
746
850
264
319
484
199
553
298
539
478
223
826
859
835
1228
909
1614
251
698
871
713
751
459
240
1179
1151
1761
1410
297
1582
1711
1329
1750
1594
1759
164
359
839
218
1023
1828
1255
1736
1650
921
507
925
304
272
1108
415
741
303
401
536
867
860
432
1093
640
604
211
284
573
703
631
317
1022
487
767
265
365
719
1177
1041
851
351
530
275
1796
1125
1190
969
1486
1845
1499
840
831
396
502
762
1089
1188
397
1137
978
844
1134
721
2016
1862
1098
727
1981
563
535
1274
797
1428
791
374
329
882
341
650
310
708
874
2059
242
1262
1242
732
1220
718
291
420
617
976
947
691
330
556
1485
402
595
618
314
398
910
1198
1716
729
649
1015
472
514
671
1408
1186
1126
1799
616
1929
1675
1236
2068
872
1506
1703
1930
2478
1361
1786
1669
1259
1583
2067
1972
363
623
1751
1012
1377
1257
1741
1135
1206
1495
982
1755
1820
1646
899
783
352
545
815
639
2050
1544
1610
1772
1645
1776
1301
1782
1113
449
1505
2115
1348
2211
2821
2662
2298
1264
1395
2775
890
2391
485
1056
490
1314
582
581
377
2370
2758
2280
1704
1581
1838
1167
1973
2873
1017
2847
832
1091
677
633
481
1527
2084
965
881
1013
567
1561
1603
419
1638
1964
1327
1647
1044
1846
952
522
2045
1059
2346
1389
1230
1488
1971
1619
1046
2297
1722
1821
1794
1354
1710
911
1906
1970
1785
1298
471
2248
1642
2957
2961
2802
2133
1303
1466
1855
764
1501
479
1923
1508
1222
1891
2247
1801
2037
1560
1148
1537
1434
712
460
564
902
968
1481
1356
1679
1720
1652
1525
1656
1166
697
1664
1216
1536
1347
1406
1867
1263
1529
1150
756
753
1373
443
1079
1634
930
591
1424
1713
1908
1787
988
991
555
1212
884
740
803
501
489
1018
1256
1489
2006
1272
802
1451
961
1218
515
1258
1067
2007
1369
1341
1182
2052
1034
2378
1899
1681
1309
1119
897
1378
1332
707
1379
1115
1394
1235
2237
1592
1085
1321
1975
598
807
1163
636
672
1580
948
2080
1687
1809
1653
1626
942
1729
1766
1005
953
987
606
1599
1504
1219
1477
1265
1172
918
1595
1886
1632
1149
1205
1817
1438
1575
935
1289
2630
1590
2266
1765
1420
1459
891
1409
1793
970
1386
1517
3619
1317
1448
1768
1290
2827
1641
1615
1942
2071
1627
1019
692
1916
2981
2309
2214
3624
1803
2606
2063
2929
2421
1563
1758
1249
1730
1449
1075
2260
2015
788
1157
1516
1631
1107
1237
1333
1412
1480
1611
1978
2844
1311
842
1185
1890
1901
1616
1144
1121
1570
1129
1933
1248
1153
1285
1450
1840
1266
1660
1003
2112
1540
1405
1666
1032
2452
1788
1502
1733
1510
1291
1746
2368
2245
971
2960
1811
1048
1849
3518
1279
1439
2093
1391
1851
1983
1604
1322
1643
1738
1007
1455
1490
1339
1538
1543
1464
1444
1130
1707
949
2495
1250
2819
3427
4197
2632
2904
2900
2456
2617
2813
1224
1360
1110
1963
1644
1101
1760
1639
1097
1770
1158
1116
1732
1383
1105
1270
2721
3650
1470
2505
2686
3823
2838
3863
2712
2111
2398
2079
1743
946
985
2274
2694
2638
2096
2803
2582
3798
3224
2172
1343
1633
2086
1020
3811
2532
1861
3046
2820
1829
2025
2218
2602
2896
2259
3000
1507
2088
1995
1804
2156
1457
2420
1976
2622
2788
1159
1897
1487
1967
1146
1440
1763
2885
1509
1136
977
2363
2261
2332
3134
2145
2212
2886
2823
3020
3149
2319
2448
3348
2583
2041
1961
2464
2600
3786
2623
2513
3066
2395
2718
1493
1654
1621
1692
4195
1896
2312
3309
2158
2963
2164
2837
2969
2394
3005
1189
1008
2014
1553
1376
2377
1400
1307
1696
1392
1024
1798
1207
1240
3234
2118
2598
2442
1402
1715
2806
2679
2906
1691
1316
1701
1426
1878
1244
1223
1589
1083
1253
1399
1407
1143
1814
2435
1860
2669
2126
2769
4018
2354
3476
2645
2613
2649
1883
1473
2019
1475
1622
1946
1541
1740
1775
1937
2387
1080
1503
2146
2915
3747
2181
1895
2152
1834
2223
2132
2773
2267
2652
1987
1777
1843
1754
2307
2918
2983
2508
3373
2991
2140
2642
2994
2231
2110
2364
2366
2939
1068
2734
2160
1689
2003
1435
2458
2073
2105
2058
1949
1276
1661
1304
1398
1496
1252
1992
1070
1302
1308
1694
1346
1725
1241
2026
1227
1482
1494
1245
2042
2501
2010
1569
1902
1593
1640
2028
2129
1630
1887
1702
1547
2094
1727
1430
1954
2502
3471
2325
2455
2520
1853
1413
1178
1313
1284
1161
1213
1351
1268
1909
1818
2336
2373
2027
2411
1907
1460
2776
2843
1837
2801
2647
1620
1170
2177
2660
2120
2282
2457
3083
2809
1576
1965
1492
2295
2699
2446
2190
2682
2587
2941
2661
3816
2570
2155
2548
2778
1882
2781
2815
1903
1721
1980
1446
1779
1726
2009
1418
2078
1330
2044
2754
1924
2183
2511
1874
3731
2772
1847
2459
2914
2691
3108
2920
2559
1836
2476
2483
2708
2264
3071
1415
1559
1917
1648
2375
1745
1555
1491
1305
2278
3860
2390
2685
1959
2243
2883
2339
2822
3848
2506
2292
2166
2678
2358
2750
1319
1969
1533
2730
1806
1693
1598
1700
2057
2554
2322
1877
2551
2241
2720
1737
2764
1344
2053
1832
1443
2049
2953
2955
2731
3307
2510
2673
4061
2424
2958
3376
2324
2165
1977
2427
2973
2046
1355
1872
3263
2530
2980
2313
2921
2763
3436
2543
1876
2999
2296
2493
2463
2499
2812
3589
2471
2648
2545
2581
2714
2236
3837
2943
1789
1655
1497
1500
1888
2465
2663
2376
2381
2864
2865
2840
2746
2171
1781
2074
2625
2849
1988
2765
2547
3198
2779
1950
2816
2497
2369
3458
3238
2087
2216
3914
3275
2986
2782
2303
1935
2487
1441
1986
3077
2410
2989
2870
2114
2434
2119
2599
2857
2090
3406
2095
1910
2170
1549
3552
2405
2572
2925
3564
2962
2485
2360
2618
2077
2527
2273
2535
2891
2736
2193
2290
2386
3059
2002
2912
2795
2189
2930
2902
2936
2814
1677
2043
1819
3498
2000
2425
3777
2636
2924
2382
2168
2845
3998
2020
2447
2232
2498
2826
2799
3832
3504
2130
2355
4095
2062
2948
3499
2637
2871
2490
2359
2558
1996
2500
2060
2723
3184
2740
2842
2715
2142
2879
2271
2401
2595
2541
2834
3507
2676
2081
2144
3685
3495
2919
3370
3915
4141
3220
3766
2584
3612
3329
2971
2123
2480
3763
2197
2137
2396
4000
3587
2404
2888
3636
3611
3036
3870
2414
2519
2072
2526
2751
1952
2021
3942
2828
3308
2362
2320
2228
2590
3488
5056
3810
3363
4230
2443
3755
3987
3349
3829
4346
3647
2529
2589
3526
3278
2542
2224
2287
3676
2365
2666
2475
1966
2222
2609
3123
2965
2808
3195
2174
2240
2432
2748
2875
3391
2762
2576
2586
1947
4039
1833
2012
1857
2982
2220
4719
2745
2528
2728
2127
1940
2657
2467
2244
3461
2707
2516
2293
2774
2169
2654
3203
3973
3527
2664
2253
2894
3923
2614
4634
2109
2783
2272
4033
3555
3299
3752
3214
3855
3896
2777
1889
2818
2437
2794
4570
2908
1960
2824
2024
2742
3196
2433
2786
2659
2040
2988
2804
2302
3770
3420
2787
2726
3212
2556
2334
2340
2065
2258
2102
3286
2872
3354
2555
3076
3396
2409
3244
3857
3729
3569
2650
3767
3098
4096
2859
2161
2103
2716
1925
4134
3717
3335
2122
2251
2416
2674
1941
3321
3197
2848
2553
4176
3825
2449
3475
2876
2753
2345
3562
2034
3283
3113
2702
2291
3157
2997
2206
3136
2184
2217
4047
2361
3550
2150
2952
3759
3773
2239
2913
3812
2066
2677
2342
2792
3761
4087
3778
2692
2412
2384
2644
2744
2597
2954
2294
2909
3937
1979
2159
2651
2593
2628
2503
3063
2680
2687
3588
2585
2269
2790
2880
3568
4019
2869
2338
2612
3448
3740
3330
3660
2444
2830
2719
2907
2531
2565
3176
2603
2831
2738
2835
2517
2429
3428
3429
2438
2151
3880
2185
3688
3115
3535
3732
3455
2116
2213
2567
2350
2544
2805
3382
2615
3043
2639
4161
2631
3646
2349
2604
2771
2620
2283
2191
2481
3296
3842
2372
2601
3629
3154
2196
2646
3672
2397
3853
3215
2836
4124
2477
2318
3067
3010
3689
3466
3153
2741
2106
3491
2854
2326
3638
3035
2610
2739
4179
2846
2975
2689
3875
2947
2328
3413
2940
3744
3714
3172
3236
4842
3762
4150
3415
3576
3709
3961
3480
3142
3272
3241
3595
2861
3029
3096
2393
3163
3971
5293
3854
3091
4211
3925
3701
3451
3102
3199
2257
2811
2179
3139
2727
2440
3722
2855
2473
2634
3856
2563
2374
4696
3700
2839
2167
4093
2431
2537
2575
2453
2268
2399
3617
3841
3693
4410
4799
3943
4073
3948
3886
3217
2233
2695
3850
2784
3681
2402
3745
2221
2995
2488
2275
2725
2341
2284
3764
2747
3651
2522
3774
2785
2688
2353
3223
3706
2566
4040
3372
3822
3152
4114
3122
3570
3864
4665
3259
4991
2946
3111
3501
2255
3250
3380
2199
3132
2461
2701
3561
3318
2203
2208
3407
2905
3365
3814
3371
3953
2482
3156
3381
3351
3935
2658
4138
3723
2254
2454
2866
2933
3430
2641
3664
3891
3317
2743
3130
2789
3528
3602
3328
4185
4322
3205
4941
2926
4781
3090
2770
4755
4281
3900
3582
3015
2760
3450
2256
3866
3517
3422
3007
3251
3008
4424
3922
5079
3577
2793
2380
2383
2931
2970
3319
3613
2964
3643
2523
3523
4876
3445
2984
3438
3924
3414
3579
3229
3249
2867
2357
3521
3878
3047
3882
4779
3282
3831
4058
3804
3489
3433
3121
3030
3702
3290
3423
3137
2711
3084
2710
2889
3591
2451
2389
3125
2524
2568
2633
3785
3789
3893
4089
3836
3051
3757
2607
2897
3631
3160
3042
3416
3888
2330
3715
4480
3394
3459
3639
2507
3493
3784
3055
3133
4862
2504
2856
3503
3748
2759
2655
2829
3510
3170
3204
3716
3780
3847
3279
4253
3677
3509
3336
3464
2668
2968
2927
4166
3496
4489
2539
4300
4046
3246
3775
3079
3049
2492
3367
2569
3760
3800
3571
2514
3316
3969
3395
3403
3699
3605
2756
4113
3541
3573
3481
4187
3271
3019
3820
3086
3409
3025
3185
3186
4121
3516
3537
3637
3772
3021
3375
2934
3237
2616
3343
3038
2895
3210
3531
3068
3405
3124
3484
3295
3671
3297
4676
3974
4456
3017
3630
3027
3188
3069
3228
3645
3648
3781
3239
3087
3599
3889
4753
3544
2937
4316
3616
3270
4199
3656
3148
3441
3292
2910
2878
4583
3337
3826
3357
4894
2780
3150
2698
3033
3334
4712
3085
3567
3633
3284
4372
3606
4315
3358
3519
4006
3189
3840
3970
5926
3304
3432
2605
3280
4659
3062
3610
3540
3044
3655
3045
3872
3751
3435
4057
3258
3515
3081
3696
3255
4155
3167
4417
3048
3920
3129
3442
4732
2974
3398
3377
3554
3939
3525
3443
3703
3547
3898
2917
3300
4334
3089
4466
5881
3835
3524
3291
3877
3979
3006
3809
3368
3225
2977
3126
3110
3477
4438
3739
3583
3634
3834
4743
4815
4337
3187
4763
3871
3904
3457
3885
3165
3454
3818
3733
3303
3333
3502
3868
3174
3981
3026
4051
3460
3331
3191
4031
3378
3311
3730
3031
3768
3874
3400
4921
3754
3692
3858
3859
3359
3821
3899
4002
3618
3146
3795
3578
3553
3364
3771
3009
3815
4296
3281
5076
3145
3558
3817
3386
3861
4090
3235
4333
4147
4070
4969
5232
4850
4979
4406
4791
4222
4476
5437
4126
3884
3092
3131
3649
4099
4684
4050
3060
3508
3879
3792
3954
3162
3012
3462
3369
3404
3642
4444
3487
3687
3209
3037
3686
3399
4266
3339
4397
3694
3506
3352
4313
3320
4224
3112
3434
3819
3928
3743
3106
3183
3305
3659
3374
3325
3151
4341
3735
3470
3194
3805
4870
4776
5567
4180
4795
4413
4158
4479
3603
4054
3839
4609
4504
5189
3951
4752
5431
4215
4664
5565
4606
4544
4928
4354
5699
4425
4234
4778
4686
4336
4052
4282
4543
4835
3978
3242
3227
3332
4103
3080
3207
3534
3169
3268
3366
3975
3753
3411
3444
3418
3707
3876
4262
3881
3725
3218
3794
5958
5096
5288
4847
4983
4692
4311
4536
4473
4314
3680
3252
3449
3168
4162
3173
5301
3161
3164
3166
3669
4192
4994
4674
4511
4457
4767
4790
4697
3930
3231
4486
3783
4714
4618
4238
4241
4082
4627
4407
3453
4229
3479
5211
4009
3109
4295
4937
4428
3892
3708
3710
3557
3742
3543
3852
3827
4062
5279
4067
3909
4011
4683
4590
4111
4432
4863
4342
4887
4895
3408
3796
3756
3682
4351
3907
4837
4554
5006
4016
4116
5950
4421
3159
4600
3226
4286
3910
3883
4109
3261
3828
3663
3326
4640
4065
3843
5033
4172
4591
4209
4530
4660
4184
4733
3628
3668
3958
5475
4390
5616
5012
4886
4631
5654
4470
4987
4252
3746
4426
4237
5809
4821
5048
4957
4510
3999
3797
3640
4923
3492
3684
4808
5037
4989
4900
4646
4521
3946
4433
3635
4244
4468
4765
3347
3338
3698
3490
4387
4277
3933
3456
4929
4836
3911
4458
4299
4564
4439
4796
4382
3402
4175
3313
3539
4651
3894
3536
3623
3897
3584
4451
4788
3324
3440
4255
3265
3621
3622
4144
5427
4068
4186
5632
3559
4520
5000
4362
3277
4302
4370
4122
4572
4738
4218
4782
4472
5146
4414
3903
3738
4129
3844
4105
3387
4389
5844
3782
3720
3793
3344
5484
3737
4249
3596
3713
4353
5671
4391
4907
4974
5902
4208
4436
4599
4507
4677
5253
5077
4056
3964
3424
3463
3833
5541
3985
5027
4036
4345
5380
4917
4284
3869
4864
4737
4644
5925
4204
5358
5648
5821
4254
4671
4136
4809
4285
3468
4706
4615
4553
5009
4562
4916
4948
4278
4571
4793
4443
3806
5069
4949
3675
4048
3813
4481
4516
4005
4042
3533
4751
4881
4694
3991
4577
4973
5968
4561
5045
4384
5094
4263
4139
5102
4017
4759
4988
4587
5068
5943
4598
3968
5518
4855
4569
5084
4710
3977
4202
4985
3947
4624
3992
4378
4319
4160
3952
5050
4642
4356
4518
4148
3653
4007
5017
4297
4575
4878
5234
5143
4922
4487
4550
4455
4977
5139
4325
4616
4649
3944
4936
4423
4434
5527
5400
5187
5957
4038
4648
5066
4910
4207
5086
4760
4409
4190
3963
4178
4183
4454
4619
4879
4998
4589
4013
4465
4757
4412
4248
3932
5408
4816
4595
4355
4452
3965
4690
4339
4822
4024
4381
5954
5092
4585
3787
4716
5040
4189
4695
4101
4666
5247
4832
4512
4072
4332
4883
4787
5112
4637
5055
5057
4260
4970
4526
4885
4981
4373
4770
4386
4803
4324
4873
3918
4367
4273
4723
4408
5915
4167
4043
3902
4427
4431
4853
5366
4280
4613
4854
4735
4909
4272
4784
5043
5111
4861
4579
5093
4774
4233
5204
3957
4792
4604
4415
5675
4811
5249
5795
4707
4747
3950
4304
4115
3962
4773
3949
5396
4446
4290
5004
4524
4687
4849
5330
4323
4592
4758
4633
4541
4094
4448
5665
4460
5080
4762
4418
4265
4620
4269
4399
4912
4157
4531
4729
4669
4580
4075
4804
4453
4398
4721
5011
4601
4097
4551
4401
4084
4503
3983
5813
4441
4612
4528
4213
4060
4896
4483
3980
4020
4152
4726
4574
4366
4240
4913
5046
5450
5936
5873
5108
5429
5684
5435
5181
5183
4935
4393
4810
5841
5022
4182
4605
5246
5516
4890
4897
5089
5343
4392
5359
4754
4447
4037
4108
4212
4857
5509
5609
5418
5165
5811
5750
5658
5629
5731
5540
5514
5624
5563
5052
5886
5035
5459
5696
4780
5008
4210
4021
4279
4301
4594
4371
4168
4813
4350
4800
5505
5512
5322
5812
5942
4889
5115
5372
4711
4492
5075
5786
5693
4169
4617
5067
4022
5339
4477
4261
4206
4463
4163
5561
4636
5824
5890
4388
4132
5572
4975
5235
5685
5634
5186
5446
6601
5644
5869
7864
5106
6133
7189
6520
4768
4321
5438
4740
4402
4830
5064
5742
5263
5201
5655
5977
5660
5725
4164
4851
4231
5363
4635
5054
4268
4298
4558
5083
4892
4689
4990
4292
4978
4509
5088
4920
5689
5303
5099
4877
5488
4146
5924
4102
5899
4535
5182
4576
4679
4140
5200
4647
5515
4396
5005
5553
5430
4984
4320
5730
5315
5797
5506
5244
5986
4976
5042
5047
5025
4654
4219
7268
5573
6533
6024
5133
7565
5328
5585
6361
5116
6429
5928
4522
5354
5229
6605
6192
5265
5682
4722
6740
6645
5304
5927
4840
4843
5423
5751
5566
5855
4293
5397
4220
4670
4547
4173
4718
4177
4954
4545
4559
5073
4565
4123
5091
4581
5195
4223
5062
4287
4906
4742
4552
4335
4919
4506
5852
4501
5014
4955
5888
5827
5347
4709
5222
5710
5749
5334
5918
5474
4730
4227
5700
4807
4968
5756
4582
4505
4856
5776
5384
5702
5231
5377
5228
5357
5747
5433
5500
4893
4226
4540
4769
5123
4289
4567
5454
4525
5739
5196
5164
5457
4950
4952
5657
5411
7428
5517
5581
6898
6806
5469
5600
5985
5507
5155
5736
6123
5868
5583
6680
5690
8062
5471
5127
5323
5451
5456
5307
5118
4724
4312
4639
4228
4328
4924
5728
5763
5897
5388
4365
5879
5276
4264
4251
4515
4745
4940
4995
5060
5766
5449
5130
5482
4462
4529
4797
4688
4775
4274
4827
5470
5314
5765
5320
5065
5373
5374
5409
5254
5959
5161
5426
5059
5319
4700
5220
4621
4703
4638
4736
5034
4905
4972
5608
5666
5386
4993
5385
5481
4777
5420
5898
5711
4497
5937
5638
5223
5640
5243
5197
5938
5371
5029
4713
4490
4538
4667
4748
4825
5923
5199
4681
4435
4746
4898
5284
5351
5895
5551
5777
5829
4902
5672
5650
4956
6529
5576
5513
5324
5104
5722
6078
4474
5001
5332
4814
5262
4771
4566
5607
5455
5889
5410
5125
5934
5981
5538
5861
5421
5071
5271
5628
5724
4818
5542
5128
5281
5452
4568
5920
5885
5822
5647
4661
5218
5346
6629
5960
7656
7950
5105
6098
5461
5501
4586
4971
5313
5570
5101
5525
4829
4653
5120
5921
5998
5806
5020
5951
5413
5757
4926
4925
5761
5602
5448
5147
6858
6447
5595
6495
5592
5209
5478
5353
5364
5734
5135
5743
4534
5883
5603
5379
5989
5768
7343
7802
6425
5850
5854
6303
5870
5173
5496
4944
5370
5762
5381
4845
5775
5523
5784
4705
4932
5486
5162
5131
5680
5239
5241
4865
5740
5214
6016
6725
5831
5864
7497
5465
5310
4939
5233
5906
5556
5588
4860
5532
5188
4557
5839
5965
5539
5159
4629
5974
5605
5901
5972
5278
4953
5635
5294
5931
5360
7121
5266
6164
6229
6230
5721
5537
5316
5769
5619
4662
4951
5916
5053
5796
4731
5988
5333
5753
5856
5990
5875
5302
5599
4964
5387
5612
4911
5907
5113
5999
5876
5524
5350
5676
5846
5851
5896
4848
5458
5172
5760
5472
5190
5840
5369
5788
5982
5681
5714
5847
6212
5801
5837
6100
6709
5559
7261
5568
5260
5391
5842
5536
5309
5816
5661
5534
5362
5939
5653
4888
4859
5312
7687
4938
7402
6190
5149
6035
5878
5337
5124
5356
5677
5591
5240
4931
5221
5166
5487
5679
5010
5787
5955
5935
5342
5028
5772
5858
5893
5544
5098
5976
5492
5453
5670
5119
5479
5865
5649
5219
5930
5741
5308
5692
5416
5193
5704
5134
5652
5463
5720
4915
5160
5194
5227
7052
6796
5041
5589
6681
5404
6525
5758
5535
5562
5081
5248
5571
5587
5494
5853
5860
6700
5835
5325
5528
4904
5709
6573
6737
6866
6933
5402
5838
5296
5425
5718
5520
5946
5522
5620
5978
5903
5225
5859
5849
5575
5180
5808
5716
5975
5336
5491
5845
5406
5828
5637
5577
5963
5493
7608
5321
6231
6232
6590
5285
5257
5683
5754
6144
6336
7218
5141
5590
6455
5145
5594
5703
5929
5947
5252
5383
5678
5171
5114
5511
6795
6259
6484
5884
6623
5103
5331
5498
5663
5283
5767
5836
5997
5970
6465
5483
5326
5365
6037
6262
5208
5664
5122
5687
5434
5405
5582
5335
5401
5598
5597
5712
5697
8005
5192
7515
7897
5533
5922
5349
5329
5428
5467
5862
5464
5495
5341
5417
5686
5340
5843
5526
5593
5800
5659
5311
5251
5462
5407
5378
5917
5793
5633
5833
5882
5698
5732
5863
5560
6436
6463
7462
6986
5529
5245
5375
5708
5555
5688
5280
5564
5631
5256
5887
5272
5983
5621
5547
5804
5673
6255
6199
7071
6809
5510
5403
6468
6825
6872
5713
6392
7962
6246
7148
6065
5719
5305
7518
5550
5912
5548
5622
5490
6850
7082
7568
7453
6595
5614
5872
5780
5815
6456
6074
7517
5674
5956
5834
6960
7381
6134
6079
7464
6034
6804
5668
6249
7157
6586
7232
7397
6802
7774
6583
6888
7998
6974
5910
5880
6342
6344
6476
7324
7365
8006
5799
6121
6043
6782
5774
5778
5941
6785
6115
6379
7852
5773
5802
6240
7553
6948
6106
7014
6409
7819
6070
7406
5973
6678
6807
6399
6054
6950
6441
7454
7877
6111
5966
7574
6207
6221
6646
6301
8053
6487
6878
6536
6701
6992
6617
6305
6565
7973
6224
6387
6821
7718
6313
6667
6028
6220
6482
6291
6386
6743
6459
7199
7456
7942
6058
6282
6156
6157
6575
7256
6856
6025
6153
6299
6611
6365
6297
7451
6201
6176
6017
6979
6854
6057
8081
6842
6202
6754
7684
6213
6566
7080
6793
6699
6894
6228
6679
6524
6084
7621
7884
6861
7796
6458
8027
6659
6951
7017
7806
6417
7633
7507
6556
7164
7198
6721
6472
6251
6540
6895
6032
7088
6451
6486
6790
6954
7338
6124
6093
6351
6015
7072
6816
6976
6883
6210
6853
7492
6254
6771
6454
6627
6792
6826
6059
7085
6062
6669
6189
6162
7159
6874
6143
7172
6479
7567
6671
7987
6326
6584
6499
6182
7591
7851
6637
6606
6810
6684
6208
6789
7269
6727
6185
6734
6710
6935
6364
7294
6178
6052
6728
6549
7457
7655
7562
7242
7902
7279
7482
7614
6175
8032
7713
6117
6442
6797
6711
6328
7066
6819
6026
6846
7021
6993
6965
7321
7165
6238
6592
6145
8070
7175
6857
6604
6834
6204
6847
7616
7875
6570
7184
7603
7580
6522
8092
7551
6564
6980
7149
6132
7989
7093
6516
6651
6044
6815
6822
6445
6095
6800
7095
6841
6585
6654
7493
6410
6973
6412
6670
6676
6488
6557
6543
6064
7768
6329
6716
6462
6433
6177
7013
6345
6891
6316
6222
6554
6066
7347
6712
6234
6688
6408
6730
7824
6130
6099
6653
7522
7299
7079
7051
7692
6763
6989
7413
7612
6596
6092
6929
7379
6388
6264
6553
7773
7971
8009
7689
8110
7953
7829
8054
8057
7964
7489
6243
6631
6504
6770
6102
7420
6169
7106
6851
6591
6544
6323
6108
6786
6150
7750
6160
6769
6578
6705
7190
6109
6561
6247
7147
6285
6830
6864
8050
6614
6491
6908
6237
6239
6209
6502
6475
7835
6613
6104
6587
6784
6697
7766
6274
6473
6089
6507
6067
6647
7320
6619
6423
7070
6307
6756
6597
7861
6398
6090
6539
6413
6094
6577
7538
6394
7883
7023
6225
6867
6269
6198
6788
6309
7504
6172
7262
7521
6818
7458
7556
7841
6349
7598
7473
7506
7317
6761
6729
7787
6318
6287
6545
6581
6936
6360
6339
6200
6127
6320
7601
7748
7559
7847
7305
7500
7119
7632
7644
7263
6091
6097
6552
6689
7018
6348
7308
6511
7122
7326
7715
6764
6893
6414
6902
7438
6746
7767
6618
6686
6168
7430
7178
7470
6350
6171
8061
6244
6374
7112
6794
8108
6572
6934
6141
6885
7333
6378
6571
6715
7648
6181
6493
6551
6863
7216
6101
6498
6315
7888
6266
6236
6368
6122
7660
6347
6353
6298
6337
7618
6664
7209
6346
6444
6625
6987
7145
8091
7520
6276
6758
6334
7948
6416
7267
7045
6438
6835
8022
6983
6154
7757
6193
8087
6489
6138
7356
7908
6923
6126
6674
7196
6461
6245
6385
6470
6870
6327
7357
7303
6280
8008
7889
6418
7666
7700
8082
7764
7197
7360
7946
7952
7415
7705
7494
6312
7832
6481
6277
7657
6270
7006
6776
8093
6963
6624
6880
6467
7206
7433
6889
6859
7150
6717
7332
7654
6981
7885
7857
7730
6812
6909
6882
7044
6759
7187
6620
6692
6696
6514
7508
6464
7936
6576
6931
6377
7125
7328
7651
7334
7975
7622
7976
7110
7725
7958
7466
6519
7584
7309
6958
6997
7541
7993
6203
8063
6541
6521
6435
7722
7179
7053
6798
6383
6615
6747
7113
6869
7414
6367
7137
7607
6317
7982
8048
7380
7863
7839
6186
6166
6510
6478
6480
7060
6292
6962
6840
7160
7115
6308
7117
7478
6783
6977
7969
6419
6731
6829
6290
7155
6778
6839
6381
7213
6506
7821
6805
7362
6281
8064
6332
6197
6735
6832
7447
6593
7431
6195
6460
6817
6324
7545
7963
6887
6996
7926
7968
6273
6636
7747
7783
7185
6932
7158
6906
7772
6440
6389
6742
7318
6505
6640
7345
8035
8046
7542
8055
7609
7418
7683
7304
7272
7310
7248
7057
7539
7669
6656
6402
6319
7920
7681
7075
6568
7578
7697
7219
6362
6555
8058
6272
7623
7593
6860
7534
6449
7890
8085
8030
7264
6738
6961
7679
6916
6704
7441
7168
7042
6838
6428
6946
7735
6260
7139
7527
7663
7792
7257
6780
7583
7587
7751
6426
6720
7067
7349
7867
7615
7873
6532
6271
7297
6569
7427
6828
7789
7055
6384
6325
6393
7770
7935
7552
7649
7680
7626
7860
7390
7138
6503
8089
6703
7501
6658
6982
6767
7296
6650
7874
7429
7592
7596
7667
8060
7424
6837
6494
7144
7848
7029
6897
6801
7476
6881
7074
7786
6512
7734
7557
7108
7594
7696
7452
7708
8031
6920
7916
7566
7662
7439
8051
6998
6907
7933
7868
6401
6662
7223
6528
6722
7069
7056
6643
7259
6563
6661
6602
6477
7892
6741
6358
6693
6359
7140
6873
7872
6530
7749
7020
8015
7319
7643
6390
6918
6739
7862
7637
7782
7913
7977
7915
7246
7054
7699
8056
7133
7038
6548
6682
6652
6968
6844
6589
7777
8002
7498
7564
7854
7550
6452
7208
7528
7245
7604
6744
6635
7947
7907
7659
7631
7954
8019
7624
7714
7336
7820
7469
7635
7805
8072
6714
6427
6949
6748
7970
7526
7558
8044
7352
8025
7516
7741
7617
8003
7911
7036
7561
8086
7653
7496
7853
7408
7312
7341
7896
7243
7943
6600
8041
7668
7288
7237
7177
7291
7247
6610
7732
6875
8028
7152
6773
7030
6594
6732
7384
7064
7491
6947
7849
7605
7846
6538
7823
7514
6719
7136
7143
6599
7918
7444
7486
7959
7109
7686
6632
7980
6903
7865
6845
7484
6892
7174
7274
7487
7855
7210
6766
7124
7389
7840
7531
8013
7037
7135
6560
7203
6985
7690
7571
8117
7995
7563
7503
6751
8101
7007
6655
7426
6690
6760
7693
6871
6953
7084
7778
7114
8045
7793
7961
7804
7373
7346
8084
7678
7743
8076
7405
7376
7828
7737
6694
7941
7111
7368
7981
7801
7034
7215
7728
7891
6808
6843
7754
7525
7277
7289
7914
8113
7361
7266
8078
7086
7162
7904
7803
7180
7009
7315
7726
6901
7842
7685
7560
7314
7991
7513
7260
7058
7827
6848
7132
8000
7937
7939
7459
7432
7945
7306
7091
7386
6972
8074
7830
8020
8038
7181
6928
7467
7729
7859
7510
7927
6956
7569
7509
7733
7194
7771
7600
7483
7236
7183
7217
8094
7895
7838
7231
7099
7461
8012
7628
7442
7745
7523
7182
7033
7325
7909
7271
6952
7882
7311
7769
7776
7329
7141
8109
8111
7640
7966
7126
7675
8122
7721
7919
7443
7481
7898
7161
7265
7780
8047
7794
7544
7337
8024
6984
6970
7779
7717
7744
7435
7170
7709
7230
7205
7366
8103
7956
8119
7488
7755
7156
7650
7671
7229
7870
7276
7740
7015
8014
7972
7573
7925
7477
7938
7814
7280
7284
7797
7960
7359
7704
7425
7844
7985
7290
7807
8107
7412
7893
7758
7703
7924
7040
7404
7258
8029
7358
7905
8106
8011
7665
7474
7422
7727
7212
7645
7200
7270
7273
8043
7128
7674
8026
7999
8083
7799
7227
7331
7240
7795
7899
7252
7536
7910
7577
7670
7244
7791
7664
7537
7831
7627
7788
7922
7762
7449
7292
7394
7974
7634
7677
7606
7811
7944
7658
7701
7228
7327
7350
7641
7391
7988
7446
8034
8071
7813
7957
8023
7385
7759
7978
7930
7572
7901
7549
7856
7387
7983
7630
7711
7878
8096
7825
8052
8120
7499
7949
8098
7837
7682
8001
7931
8104
8105
7979
8068
8036
