0
1
2
3
4
5
6
7
8
9
10
11
12
13
14
15
16
17
20
21
22
23
24
25
26
27
28
29
30
33
35
36
37
38
39
40
41
42
44
45
46
48
49
50
51
54
55
56
57
58
59
65
67
69
70
74
76
79
80
81
82
83
84
85
86
87
88
89
90
92
93
94
95
96
100
101
104
106
108
111
112
115
118
121
122
124
125
128
130
132
134
136
138
139
143
145
150
151
152
156
158
165
170
171
172
175
176
181
182
184
187
189
190
191
193
197
200
202
203
204
207
209
210
220
221
222
225
228
229
230
234
236
244
255
256
263
266
267
269
271
274
278
279
285
287
292
293
294
296
300
305
308
312
318
321
325
326
332
335
339
344
348
350
355
356
358
360
361
366
382
384
386
388
395
399
403
404
406
410
411
414
416
427
428
431
433
434
440
445
451
455
458
461
464
468
488
491
492
493
496
499
506
520
531
534
537
541
542
543
544
549
551
552
561
570
579
589
600
601
602
605
610
612
613
620
630
632
634
647
652
654
657
665
684
693
694
701
704
705
709
711
714
717
726
728
731
734
749
750
757
763
765
772
774
778
785
792
798
801
811
813
817
837
845
853
873
885
888
903
905
907
908
917
920
924
926
931
938
939
941
944
945
954
957
958
963
964
967
972
973
974
975
979
980
983
986
994
995
996
999
1000
1002
1006
1014
1025
1029
1030
1033
1037
1042
1043
1047
1050
1051
1052
1057
1058
1060
1064
1069
1071
1076
1090
1094
1095
1096
1100
1104
1109
1111
1118
1122
1123
1128
1131
1133
1141
1142
1156
1162
1164
1168
1171
1174
1176
1181
1192
1208
1209
1210
1215
1221
1225
1226
1229
1234
1238
1239
1243
1246
1251
1254
1269
1273
1278
1287
1288
1294
1296
1297
1299
1300
1310
1312
1315
1320
1337
1345
1349
1350
1353
1357
1359
1363
1367
1368
1370
1380
1382
1387
1390
1393
1396
1397
1401
1404
1411
1417
1431
1433
1445
1454
1465
1472
1474
1484
1511
1515
1519
1526
1531
1535
1539
1542
1545
1550
1554
1558
1565
1571
1573
1574
1579
1586
1600
1608
1618
1624
1628
1651
1657
1659
1668
1674
1684
1685
1686
1688
1695
1706
1709
1714
1718
1723
1731
1734
1735
1739
1752
1753
1757
1771
1773
1797
1800
1802
1805
1807
1808
1816
1823
1824
1825
1826
1830
1831
1835
1842
1844
1848
1850
1852
1854
1863
1865
1866
1871
1875
1884
1900
1911
1912
1913
1914
1918
1919
1920
1931
1951
1953
1957
1958
1962
1968
1982
1989
1990
1991
1993
1997
1998
2001
2022
2029
2030
2031
2032
2033
2039
2048
2054
2055
2064
2069
2070
2083
2100
2101
2104
2107
2108
2113
2121
2124
2128
2134
2135
2136
2138
2139
2143
2147
2148
2153
2154
2162
2163
2175
2176
2178
2182
2186
2187
2188
2194
2204
2207
2210
2219
2225
2226
2229
2230
2234
2235
2238
2242
2246
2249
2262
2265
2270
2276
2277
2279
2281
2285
2286
2300
2301
2304
2305
2306
2311
2314
2315
2316
2317
2321
2323
2327
2333
2335
2343
2344
2347
2352
2356
2371
2379
2385
2392
2400
2403
2406
2407
2417
2419
2423
2426
2428
2430
2439
2441
2450
2460
2466
2468
2470
2472
2474
2479
2494
2509
2512
2515
2525
2533
2534
2536
2540
2546
2549
2560
2561
2562
2571
2578
2580
2588
2592
2594
2596
2611
2624
2626
2627
2635
2643
2653
2667
2670
2671
2681
2683
2684
2696
2697
2703
2717
2722
2732
2733
2749
2757
2766
2768
2796
2797
2807
2810
2825
2833
2841
2851
2853
2858
2860
2862
2868
2877
2887
2890
2892
2898
2899
2901
2903
2911
2916
2923
2928
2935
2938
2945
2951
2959
2979
2990
3001
3002
3003
3004
3011
3013
3016
3018
3022
3023
3024
3032
3034
3039
3040
3041
3050
3052
3054
3056
3057
3058
3061
3064
3072
3073
3074
3075
3078
3082
3088
3093
3095
3097
3100
3103
3114
3116
3119
3127
3135
3138
3141
3143
3144
3147
3178
3179
3180
3190
3193
3200
3202
3208
3211
3219
3221
3222
3233
3240
3243
3245
3248
3253
3254
3256
3257
3262
3264
3266
3267
3269
3273
3274
3276
3287
3289
3293
3298
3301
3310
3312
3322
3323
3327
3340
3342
3350
3353
3355
3356
3360
3361
3362
3379
3385
3388
3393
3397
3412
3417
3419
3425
3426
3431
3437
3447
3452
3465
3467
3469
3473
3483
3485
3486
3500
3505
3511
3513
3514
3529
3538
3542
3551
3556
3565
3566
3572
3575
3580
3581
3592
3593
3594
3597
3598
3604
3607
3608
3615
3625
3626
3644
3654
3658
3661
3662
3666
3673
3678
3683
3695
3704
3712
3718
3719
3726
3734
3741
3750
3758
3769
3791
3801
3802
3808
3838
3845
3873
3890
3895
3901
3905
3906
3908
3912
3913
3916
3917
3919
3921
3926
3927
3929
3931
3934
3936
3938
3940
3941
3955
3956
3959
3960
3966
3967
3976
3982
3984
3986
3988
3990
3995
3996
3997
4001
4004
4008
4010
4014
4015
4023
4027
4028
4029
4030
4032
4034
4035
4041
4044
4049
4053
4055
4059
4063
4066
4071
4076
4077
4078
4079
4086
4088
4100
4104
4106
4110
4112
4117
4118
4119
4120
4128
4130
4135
4137
4143
4145
4149
4151
4153
4165
4170
4181
4188
4193
4194
4196
4200
4203
4205
4214
4216
4217
4221
4225
4232
4235
4236
4239
4243
4245
4246
4247
4250
4257
4258
4259
4270
4271
4275
4276
4283
4291
4294
4303
4307
4308
4309
4310
4317
4318
4326
4327
4329
4330
4331
4338
4340
4344
4348
4349
4357
4358
4360
4364
4368
4369
4374
4376
4377
4380
4394
4400
4403
4411
4419
4420
4429
4430
4440
4442
4449
4459
4461
4464
4467
4469
4471
4475
4482
4493
4494
4496
4498
4500
4514
4517
4519
4527
4533
4539
4548
4549
4573
4584
4593
4596
4597
4603
4610
4611
4622
4623
4628
4641
4655
4656
4663
4668
4673
4680
4691
4698
4699
4701
4704
4708
4715
4717
4725
4727
4728
4749
4750
4756
4761
4764
4772
4801
4802
4806
4812
4817
4820
4824
4826
4828
4831
4839
4841
4844
4846
4852
4858
4866
4868
4869
4871
4875
4880
4882
4884
4891
4899
4901
4903
4914
4918
4927
4930
4933
4934
4942
4945
4958
4961
4962
4963
4966
4967
4986
4996
4999
5002
5003
5007
5013
5015
5018
5021
5026
5032
5044
5051
5063
5070
5074
5087
5097
5107
5109
5117
5121
5132
5136
5137
5138
5140
5144
5150
5151
5152
5153
5154
5156
5157
5163
5168
5174
5175
5176
5177
5178
5179
5184
5198
5202
5207
5210
5213
5215
5216
5217
5230
5236
5242
5250
5258
5261
5264
5268
5269
5270
5273
5277
5282
5287
5289
5290
5292
5297
5299
5306
5345
5348
5352
5355
5361
5368
5376
5392
5393
5398
5399
5414
5432
5441
5443
5444
5447
5460
5466
5468
5480
5485
5497
5499
5519
5521
5530
5552
5554
5558
5574
5586
5601
5604
5606
5611
5615
5617
5618
5627
5639
5642
5645
5646
5651
5667
5705
5706
5707
5726
5729
5735
5738
5752
5755
5759
5764
5779
5782
5785
5789
5790
5803
5805
5810
5819
5825
5830
5848
5871
5874
5877
5892
5900
5905
5908
5911
5913
5914
5948
5967
5969
5971
5979
5984
5991
5992
5994
6000
6001
6002
6003
6004
6005
6006
6007
6008
6009
6010
6011
6012
6013
6014
6018
6019
6020
6021
6022
6023
6027
6029
6030
6031
6033
6036
6038
6039
6040
6041
6042
6046
6047
6048
6049
6050
6051
6053
6055
6056
6060
6061
6063
6068
6069
6071
6072
6073
6075
6076
6077
6080
6081
6082
6083
6085
6086
6088
6096
6103
6105
6110
6112
6113
6114
6118
6119
6120
6125
6128
6129
6131
6135
6136
6137
6139
6140
6142
6146
6147
6148
6149
6152
6155
6158
6159
6161
6165
6167
6170
6173
6174
6179
6180
6183
6184
6187
6188
6191
6194
6196
6205
6206
6214
6215
6216
6217
6218
6219
6223
6226
6227
6233
6235
6242
6250
6253
6257
6258
6261
6263
6265
6268
6275
6278
6279
6286
6289
6293
6294
6295
6304
6311
6314
6321
6322
6330
6331
6333
6335
6338
6341
6343
6352
6354
6355
6356
6357
6366
6369
6371
6372
6373
6375
6380
6395
6396
6397
6403
6404
6406
6407
6411
6415
6420
6421
6422
6424
6430
6434
6443
6446
6448
6453
6457
6466
6469
6483
6485
6492
6497
6500
6501
6508
6509
6513
6517
6518
6523
6526
6527
6531
6534
6537
6550
6558
6559
6574
6579
6580
6582
6588
6607
6609
6626
6628
6630
6633
6634
6639
6641
6648
6660
6663
6666
6668
6677
6687
6695
6698
6706
6707
6713
6723
6726
6736
6752
6757
6762
6765
6768
6772
6774
6775
6777
6781
6787
6799
6803
6820
6823
6824
6827
6831
6833
6849
6855
6865
6877
6884
6886
6899
6904
6910
6911
6912
6913
6914
6915
6921
6922
6927
6937
6938
6939
6940
6941
6942
6945
6955
6957
6964
6966
6967
6975
6988
6990
6991
6994
7001
7003
7004
7005
7008
7010
7011
7012
7016
7019
7022
7025
7026
7027
7031
7035
7039
7041
7049
7059
7062
7063
7065
7073
7083
7087
7089
7090
7092
7096
7098
7100
7101
7102
7104
7105
7107
7116
7123
7130
7131
7146
7163
7166
7167
7169
7171
7173
7188
7192
7195
7201
7202
7207
7214
7221
7224
7225
7226
7233
7235
7239
7241
7278
7281
7282
7283
7293
7298
7307
7313
7316
7339
7344
7348
7351
7353
7354
7355
7363
7367
7371
7372
7374
7388
7392
7395
7407
7411
7416
7419
7421
7423
7436
7437
7445
7448
7450
7455
7463
7468
7472
7475
7479
7480
7502
7505
7519
7532
7533
7547
7555
7579
7585
7589
7595
7610
7619
7620
7625
7629
7636
7639
7646
7688
7694
7695
7702
7710
7716
7719
7723
7724
7742
7756
7763
7765
7775
7781
7784
7785
7809
7810
7815
7816
7833
7843
7850
7858
7871
7894
7929
7951
7992
8007
8010
8017
8021
8049
8066
8069
8073
8075
8080
8099
