6141
3837
10110
13288
2219
2493
599
1175
10067
1461
239
1328
169
12066
2722
5133
10801
317
1502
1411
11819
652
1620
2749
73
1697
6508
673
16189
958
1
258
68
83
4472
9608
721
1542
19619
12
2608
1587
4135
18634
389
901
72
19889
266
208
1922
13123
3036
1240
1756
736
232
877
4277
1410
521
1099
2415
1172
624
10393
1510
16066
147
181
10082
547
714
462
310
433
107
15110
33
2194
461
334
14791
40
17
7388
28
841
9161
338
475
6972
543
1217
1029
205
16473
2100
29
396
301
2254
18320
3186
3099
746
3445
17878
1354
820
87
2971
889
540
9599
709
8238
701
6080
1465
2048
4257
42
371
613
1871
144
691
2685
24
38
18463
9504
859
1974
1616
14625
4182
789
3661
245
9411
149
264
281
19343
13331
1181
35
15747
327
1880
2913
184
122
45
18202
51
12923
173
13994
161
71
454
436
1492
213
825
449
323
1093
431
854
17084
